version: 1
creator: callgrind-3.6.0.SVN-Debian
pid: 8969
cmd:  /home/hind/Corsi/AA1/Machine-Learning/NeuralNetwork/NeuralNetwork
part: 1


desc: I1 cache: 
desc: D1 cache: 
desc: L2 cache: 

desc: Timerange: Basic block 0 - 645898
desc: Trigger: Program termination

positions: line
events: Ir
summary: 3299973


ob=(2) ???
fl=(16) ???
fn=(260) 0x04132358
0 10
cob=(6) /lib/tls/i686/cmov/libm-2.11.1.so
cfi=(54) ???
cfn=(264) 0x000034e0
calls=1 0 
0 15
0 1
cob=(6)
cfi=(54)
cfn=(274) 0x0001d850
calls=1 0 
0 15
0 4

fn=(282) 0x04066c0c
0 10
cob=(7) /usr/lib/libstdc++.so.6.0.13
cfi=(56) ???
cfn=(286) 0x000472b0
calls=1 0 
0 15
0 1
cob=(7)
cfi=(56)
cfn=(296) 0x000c40b0
calls=1 0 
0 2117
0 4

fn=(456) 0x080490e8
0 10
cob=(8) /home/hind/Corsi/AA1/Machine-Learning/NeuralNetwork/NeuralNetwork
cfi=(60) ???
cfn=(460) 0x08049490
calls=1 0 
0 8
0 1
cob=(8)
cfi=(60)
cfn=(466) 0x0804d7e0
calls=1 0 
0 105870
0 4

fn=(238) 0x04158050
0 10
cob=(5) /lib/libgcc_s.so.1
cfi=(53) ???
cfn=(242) 0x000023f0
calls=1 0 
0 15
0 1
cob=(5)
cfi=(53)
cfn=(252) 0x0001a700
calls=1 0 
0 15
0 4

fn=(190) 0x0401f31c
0 10
cob=(3) /usr/lib/valgrind/vgpreload_core-x86-linux.so
cfi=(42) ???
cfn=(194) 0x00000410
calls=1 0 
0 15
0 1
cob=(3)
cfi=(42)
cfn=(204) 0x00000550
calls=1 0 
0 15
0 4

ob=(3)
fl=(42)
fn=(204)
0 5
cfn=(196) 0x00000447
calls=1 0 
0 2
0 8

fn=(196)
0 4

fn=(194)
0 4
cfn=(196)
calls=1 0 
0 2
0 9

ob=(1) /lib/ld-2.11.1.so
fl=(37) /build/buildd/eglibc-2.11.1/misc/../sysdeps/unix/syscall-template.S
fn=(134) mprotect
82 72
+1 8

fn=(178) munmap
82 8
+1 1

fl=(7) /build/buildd/eglibc-2.11.1/elf/dl-lookup.c
fn=(164) do_lookup_x
82 9128
-5 2608
+5 3912
cfi=(3) /build/buildd/eglibc-2.11.1/elf/../sysdeps/i386/dl-tlsdesc.S
cfn=(4) 0x000168ab
calls=1304 +49 
* 2608
* 1304
-5 11736
+6 1304
230 3912
+4 1304
88 1304
272 1304
-42 2608
114 1304
234 1304
+38 1304
-38 1304
114 1304
-16 1304
-3 1304
+1 1304
+2 1304
+3 1304
-3 1304
+3 1304
-3 2995
-3 2995
+1 2995
+2 2995
+3 2995
-3 2995
+3 2995
+4 8634
+4 8586
+4 8586
+7 12879
+4 4293
+1 4293
-1 8586
226 4293
125 4293
226 4293
125 4293
226 4293
+1 8586
+4 12879
+3 4293
-3 4293
+3 47223
+24 3002
+24 6004
444 18006
+1 2912
-1 8516
+4 12040
+4 72
282 1
+2 2
+3 7788
+17 3876
+1 2584
452 1292
305 1292
452 6460
291 2880
445 440
cfi=(29) /build/buildd/eglibc-2.11.1/elf/dl-misc.c
cfn=(92) _dl_name_match_p
calls=220 301 
* 19972
-1 660
241 8814
+1 2938
+2 6970
+10 6533
-7 17515
+2 2586
+1 1293
-1 5172
+1 3879
cfn=(166) check_match.8303
calls=1293 132 
* 212173
+1 2590
114 206
394 2582

fn=(12) _dl_setup_hash
843 42
+4 7
-4 7
cfi=(3)
cfn=(4)
calls=7 131 
* 14
* 7
+4 14
+5 7
+3 14
+1 14
+1 7
+2 21
+1 7
+1 14
+2 7
+1 7
+2 7
+2 14
-7 7
+7 21
+13 42

fn=(162) _dl_lookup_symbol_x
698 5216
459 1304
698 3912
459 1304
698 2608
459 1304
698 1304
cfi=(3)
cfn=(4)
calls=1304 131 
* 2608
* 1304
459 3912
+1 3912
-1 1304
+1 2608
-1 3912
+1 148026
-1 49342
+1 98684
-1 148026
708 1304
-4 1304
-4 1304
+8 1304
-7 2608
+7 3884
+5 7824
+6 14344
+8 12
-8 60
+2 27384
cfn=(164)
calls=1304 82 
* 605291
+3 2608
-5 2608
+33 2608
+23 5168
+1 7752
+35 5168
+14 3876
+3 3876
962 1292
833 2584
+1 1292
+1 7824
-81 96
+17 36
+1 12
+54 2

fn=(166)
132 9051
+1 1293
-1 2586
cfi=(3)
cfn=(4)
calls=1293 -1 
* 2586
* 1293
+1 1293
+2 2586
+2 6465
+10 3879
+3 2586
+5 1293
-1 1293
+1 1293
-1 1293
+1 1293
+2 2582
+19 2582
+1 5164
-1 1291
+2 1291
-1 2582
+1 7740
cfi=(19) /build/buildd/eglibc-2.11.1/string/strcmp.c
cfn=(50) strcmp
calls=1290 38 
* 121164
-1 3870
+46 9051
-73 450
cfi=(19)
cfn=(50)
calls=75 38 
* 11542
* 150
+64 2
-35 3
-2 2
+28 6
+2 24
+4 2
+1 2
-1 1
+1 1
-1 1
+3 3
-79 2584

fl=(14) /build/buildd/eglibc-2.11.1/string/../sysdeps/i386/memcmp.S
fn=(32) bcmp
34 1
+2 1
+4 1
+2 1
+1 1
+4 1
+2 1
+2 8
+2 1
+17 1
+3 1
+4 1

fl=(40) /build/buildd/eglibc-2.11.1/elf/dl-reloc.c
fn=(168) _dl_protect_relro
334 35
cfi=(3)
cfn=(4)
calls=7 131 
* 14
* 14
+1 7
-1 7
+1 7
+1 28
+2 14
+2 14
+1 35
cfi=(37)
cfn=(134)
calls=7 82 
* 70
-1 14
+7 35

fn=(156) _dl_relocate_object
158 56
cfi=(3)
cfn=(4)
calls=7 -27 
* 14
* 7
+10 14
+4 7
-4 7
+4 7
+1 28
+6 21
+6 21
+4 14
+8 35
+45 7
fi=(6) /build/buildd/eglibc-2.11.1/elf/../sysdeps/i386/dl-machine.h
104 7
fe=(40)
242 21
fi=(6)
104 7
fe=(40)
268 147
156 7
268 7
156 7
268 28
fi=(5) /build/buildd/eglibc-2.11.1/elf/do-rel.h
65 7
-7 7
+7 7
-7 7
+7 7
fe=(40)
268 14
fi=(5)
65 7
-7 7
+7 7
-7 7
+7 7
+3 14
fi=(6)
402 18
661 6
-1 12
+1 6
+2 12
-2 714
-1 1428
+1 714
+2 1428
+2 2880
+1 1440
fi=(5)
68 2160
+59 52
fe=(40)
268 39
fi=(5)
127 1
fe=(40)
268 24
+3 14
+40 21
+3 14
+13 21
+1 14
cfn=(168)
calls=7 +6 
* 294
* 7
+1 42
fi=(6)
104 18
+6 12
+4 18
+5 12
+8 18
+13 18
fe=(40)
+46 28
fi=(5)
75 28
+1 64
+15 12
-12 6
+12 8
-12 1
+12 1
+7 18
+6 10
fi=(6)
640 5
fi=(5)
105 5
fi=(6)
640 5
-1 15
+1 1745
fi=(5)
105 1745
fi=(6)
640 1745
-1 1745
fi=(5)
104 1745
fi=(6)
641 1745
fi=(5)
104 3495
fi=(6)
641 5
fi=(5)
104 10
+7 28
+4 6
+2 6
-2 6
+2 6
fi=(6)
467 12
-65 6
+8 6
+57 12
-65 6
+8 12
fi=(5)
119 18
fi=(6)
317 6
fi=(5)
119 12
+1 6
+2 12
-2 6
fi=(6)
320 6
-3 6
fi=(5)
122 6
-2 30
fi=(6)
320 6
fi=(5)
119 6423
fi=(6)
317 2141
fi=(5)
119 4282
+1 2141
+2 4282
-2 2141
fi=(6)
320 2141
-3 2141
fi=(5)
122 2141
-2 10705
fi=(6)
320 2141
+17 6441
+7 40496
fi=(5)
120 1175
fi=(6)
344 3525
fi=(5)
120 1175
fi=(6)
344 3525
fi=(5)
120 1175
fi=(6)
344 4707
fi=(5)
120 7
fi=(6)
344 21
fi=(5)
120 7
fi=(6)
344 21
fi=(5)
120 7
fi=(6)
344 18940
cfi=(7)
cfn=(162)
calls=1182 698 
* 1065810
* 7092
+1 10715
+2 4294
+1 8548
+5 4294
456 18
+5 18
-1 18
+12 48
cfi=(18) /build/buildd/eglibc-2.11.1/string/memcpy.c
cfn=(48) memcpy
calls=6 34 
* 265
fi=(5)
117 19
fi=(6)
353 8588
+37 361
fi=(5)
117 361
fi=(6)
390 361
fi=(5)
117 725
fi=(6)
450 1765
fi=(5)
117 1765
fi=(6)
450 1765
fi=(5)
117 3532
fi=(6)
379 3
+1 1
fi=(5)
117 1
fi=(6)
380 1
fi=(5)
117 1
fi=(6)
380 1
fi=(5)
117 1
fi=(6)
371 8
+1 4
fi=(5)
117 4
fi=(6)
372 4
fi=(5)
117 4
fi=(6)
372 4
fi=(5)
117 4
fi=(6)
439 30
+2 30
+1 10
fi=(5)
117 10
fi=(6)
442 30
fi=(5)
117 10
fi=(6)
442 10
fi=(5)
117 10
fi=(6)
344 14
fe=(40)
-76 96
fi=(5)
127 2
fi=(6)
467 2
-65 1
+8 1
+57 2
-65 1
+8 2
fi=(5)
128 1
+1 2
-1 1
fi=(6)
317 1
fi=(5)
128 3
fi=(6)
320 1
fi=(5)
129 1
fi=(6)
317 1
fi=(5)
128 2
fi=(6)
320 1
fi=(5)
128 2
+1 4
-1 2
fi=(6)
317 2
fi=(5)
128 6
fi=(6)
320 2
fi=(5)
129 2
fi=(6)
317 2
fi=(5)
128 4
fi=(6)
320 2
+17 9
+7 141
cfi=(7)
cfn=(162)
calls=3 698 
* 2244
* 18
+1 11
+2 6
+1 4
+5 18
+37 9
fi=(5)
127 10
fe=(40)
268 122
156 7
268 14
156 7
fi=(6)
610 14
-50 14
+50 14
-50 7
fe=(40)
268 7
fi=(5)
75 7
fe=(40)
268 7
fi=(5)
75 7
+1 7
-18 14
+17 7
+1 14
-1 7
+1 7
fe=(40)
268 7
fi=(5)
75 7
fe=(40)
268 7
fi=(5)
75 7
+1 7
-18 14
+17 7
+1 14
-1 7
+1 7
+15 14
-12 14
+12 28
+10 42
+10 56
+4 12
+2 12
-2 12
+2 12
+10 14
fe=(40)
268 84
fi=(5)
104 24
+23 2
fi=(6)
568 4
fi=(5)
127 2
fi=(6)
344 27604
fe=(40)

fl=(57) /build/buildd/eglibc-2.11.1/elf/../sysdeps/i386/dl-trampoline.S
fn=(390) _dl_runtime_resolve
29 119
+2 119
+2 119
+2 119
+1 119
+1 119
cfi=(58) /build/buildd/eglibc-2.11.1/elf/dl-runtime.c
cfn=(392) _dl_fixup
calls=119 +36 
* 136705
+1 119
+2 119
+1 119
+1 119
+1 119

fl=(11) /build/buildd/eglibc-2.11.1/string/../sysdeps/i386/i486/strlen.S
fn=(22) strlen
34 27
+2 27
+2 27
+1 27
+1 14
+1 14
+1 13
+2 13
+1 13
+1 10
+1 10
+1 10
+2 10
+1 10
+1 6
+1 6
+11 6
+3 6
+2 6
+1 6
+1 6
+3 6
-7 21
+2 21
+1 21
+1 21
+3 21
-5 20
+1 20
+1 20
+3 20
+1 46
+1 46
+1 46
+2 46
+2 45
+1 45
+1 45
+3 45
+1 39
+1 39
+1 39
+2 39
+2 39
+1 39
+1 39
+3 39
+1 34
+1 34
+1 34
+2 34
+2 27
+1 27
+1 27
+3 27
+1 21
+1 21
+1 21
+2 21
+2 6
+1 6
+1 6
+2 6
+1 6
-4 12
+1 12
+2 12
+1 12
-3 6
+2 6
+1 6
-1 2
+1 2
+1 16
+2 16
+1 16
+1 13
+2 13
+1 13
+1 9
+3 9
+3 9
-3 18
+3 18

fl=(58)
fn=(392)
73 714
+3 119
-3 119
cfi=(3)
cfn=(4)
calls=119 +58 
* 238
* 119
+3 238
+3 238
+1 119
+1 119
-1 833
+6 119
-5 238
-1 119
+1 119
+5 119
+4 238
+4 357
+5 714
+1 357
+8 476
+10 1547
cfi=(7)
cfn=(162)
calls=119 698 
* 125961
* 238
+4 357
+10 833
+8 119
+7 476
+4 357
fi=(6)
283 357
fe=(58)
155 714
-7 2
cob=(4) /lib/tls/i686/cmov/libc-2.11.1.so
cfi=(102) /build/buildd/eglibc-2.11.1/string/../sysdeps/i386/i686/multiarch/memmove.S
cfn=(1286) memmove
calls=1 39 
* 15
cob=(4)
cfi=(79) /build/buildd/eglibc-2.11.1/string/../sysdeps/i386/i686/multiarch/memcpy.S
cfn=(936) memcpy
calls=1 40 
* 15
* 2

fl=(2) /build/buildd/eglibc-2.11.1/elf/rtld.c
fn=(1072) rtld_lock_default_unlock_recursive
839 3
+1 1
+1 2

fn=(1070) rtld_lock_default_lock_recursive
833 3
+1 1
+1 2

fn=(2) _dl_start
363 6
cfi=(3)
cfn=(4)
calls=1 131 
* 2
* 3
fi=(6)
49 1
+11 2
fe=(2)
410 1
-3 1
fi=(4) /build/buildd/eglibc-2.11.1/elf/dynamic-link.h
119 1
fe=(2)
410 1
fi=(4)
119 2
+3 15
+15 13
-18 39
+18 1
-18 3
+2 36
+5 20
+1 12
+10 4
-18 13
+25 2
+20 4
+1 4
+1 4
+1 4
+5 4
+2 4
+1 4
+1 4
+6 3
+3 2
+13 3
+1 3
+4 3
+2 3
+3 3
+1 3
fe=(2)
538 3
298 1
545 1
298 1
cfi=(7)
cfn=(12)
calls=1 843 
* 40
+1 1
+34 1
-34 1
+1 2
+1 2
+1 2
+31 2
-6 1
+6 2
cfi=(8) /build/buildd/eglibc-2.11.1/elf/../elf/dl-sysdep.c
cfn=(14) _dl_sysdep_start
calls=1 88 
* 1381764
+16 1
-16 1
+16 1
570 7
fi=(4)
128 4
+3 4
fe=(2)
543 17
fi=(5)
75 1
-18 1
+18 2
+1 3
+3 6
+25 2
fi=(6)
640 1
fi=(5)
105 1
fi=(6)
640 1
-1 2
+1 12
fi=(5)
105 12
fi=(6)
640 12
-1 12
fi=(5)
104 12
fi=(6)
641 12
fi=(5)
104 25
fi=(6)
641 1
fi=(5)
104 3
+5 3
+8 5
+3 1
+2 1
-2 4
+2 1
fi=(6)
348 1
-3 2
+3 3
fi=(5)
120 7
+2 7
-2 28
+2 7
fi=(6)
348 7
-3 14
+3 21
+5 32
+4 24
fi=(5)
117 25
fi=(4)
+17 4
+1 4
fe=(2)

fn=(138) version_check_doit
658 1
+3 1
-3 4
cfi=(3)
cfn=(4)
calls=1 131 
* 2
* 3
+3 3
cfi=(38) /build/buildd/eglibc-2.11.1/elf/dl-version.c
cfn=(140) _dl_check_all_versions
calls=1 383 
* 17485
-1 2
+4 5

fn=(26) dl_main
885 6
cfi=(3)
cfn=(4)
calls=1 131 
* 2
* 2
+19 2
+3 2
+4 2
+1 2
+5 2
+3 2
cfn=(28) process_envvars
calls=1 2492 
* 512
+7 4
1088 7
cfi=(15) /build/buildd/eglibc-2.11.1/elf/dl-object.c
cfn=(34) _dl_new_object
calls=1 36 
* 304
* 1
+2 1
-2 1
+2 1
+1 2
+1 1
+2 1
-1 1
+1 1
-2 1
+2 1
-1 1
+1 1
+29 1
-3 1
-5 1
+8 3
-7 1
+2 1
+5 2
+22 1
-22 1
+43 1
-21 1
+21 2
-42 24
-1 27
+1 47
+95 2
+1 3
-5 2
+1 1
-88 3
+1 1
+49 14
+2 4
+1 2
+3 2
+1 2
-1 2
+1 2
+1 2
+1 6
+1 2
-43 1
-3 2
+3 1
+7 2
-10 1
+10 1
+68 2
-87 3
+1 1
+92 3
+3 2
+2 2
+2 2
+13 3
+1 9
cfi=(19)
cfn=(50)
calls=1 38 
* 22
-1 3
+8 1
+3 1
-5 1
+3 1
+2 1
+1 2
+4 2
+2 2
fi=(4)
104 1
+9 2
+6 1
-2 1
+2 2
+3 19
+15 19
-18 57
+18 4
-18 12
+2 46
+5 16
+1 12
+1 4
+16 3
+38 3
+7 3
+5 2
+4 2
+1 3
+12 3
+14 3
+7 2
fe=(2)
1269 2
cfi=(7)
cfn=(12)
calls=1 843 
* 40
+3 2
+20 4
+89 1
cfi=(9) /build/buildd/eglibc-2.11.1/elf/../sysdeps/unix/sysv/linux/dl-sysdep.c
cfn=(54) _dl_discover_osversion
calls=1 67 
* 104
* 8
+5 2
cfi=(21) /build/buildd/eglibc-2.11.1/elf/dl-load.c
cfn=(58) _dl_init_paths
calls=1 622 
* 7854
+3 3
cfi=(26) /build/buildd/eglibc-2.11.1/elf/dl-debug.c
cfn=(76) _dl_debug_initialize
calls=1 49 
* 35
+7 1
-7 1
+2 1
+5 1
+4 1
+1 1
+2 1
-2 1
-1 2
+4 2
+5 1
-9 1
+2 1
-1 1
+8 1
+5 1
+4 1
-3 1
+3 1
-3 1
+7 1
-5 1
+5 3
+1 2
+1 1
-1 2
+1 3
+2 2
+1 2
+5 2
+5 4
1618 3
+3 2
+4 3
+5 2
+1 1
cfi=(26)
cfn=(78) _dl_debug_state
calls=1 76 
* 4
+4 3
+15 3
+4 4
+31 5
cfi=(22) /build/buildd/eglibc-2.11.1/io/../sysdeps/unix/syscall-template.S
cfn=(62) access
calls=1 82 
* 18
* 2
+77 2
+11 1
-11 2
+18 8
cfi=(32) /build/buildd/eglibc-2.11.1/elf/dl-deps.c
cfn=(114) _dl_map_object_deps
calls=1 149 
* 48820
* 2
+6 6
+1 3
-1 2
+1 18
-1 13
+4 3
+1 3
+1 1
+2 2
+1 17
-1 15
fi=(4)
131 4
+3 4
+1 4
fe=(2)
1795 1
+12 1
+1 1
-1 1
+1 1
+2 4
+5 1
-5 1
+4 2
+12 1
+2 3
+1 1
+1 1
-1 1
+1 3
+11 2
+2 2
-2 2
+1 4
+1 2
cfi=(27) /build/buildd/eglibc-2.11.1/elf/dl-error.c
cfn=(136) _dl_receive_error
calls=1 198 
* 17549
+10 1
+1 1
-1 1
+1 1
+3 2
+3 1
cfn=(152) security_init
calls=1 847 
* 37
+2 2
2091 3
2254 4
+1 1
+5 2
cfi=(34) /build/buildd/eglibc-2.11.1/elf/dl-tls.c
cfn=(172) _dl_allocate_tls_init
calls=1 380 
* 290
+4 2
+8 5
+17 1
+1 7
cfi=(40)
cfn=(156)
calls=1 158 
* 7749
+11 1
cfi=(8)
cfn=(174) _dl_sysdep_start_cleanup
calls=1 250 
* 4
+4 3
+20 3
cfi=(26)
cfn=(76)
calls=1 49 
* 28
+1 1
+1 1
cfi=(26)
cfn=(78)
calls=1 76 
* 4
+4 1
cfi=(35) /build/buildd/eglibc-2.11.1/elf/dl-cache.c
cfn=(176) _dl_unload_cache
calls=1 306 
* 30
+5 6
2147 1
+4 1
-4 1
+4 3
+48 1
+7 1
-7 3
+7 1
+3 29
+23 4
cfi=(34)
cfn=(170) _dl_add_to_slotinfo
calls=2 820 
* 56
+2 7
+2 14
-18 14
+2 14
+6 14
+1 60
cfi=(40)
cfn=(156)
calls=6 158 
* 1292061
+4 27
+14 2
1826 2
1410 4
-11 4
1661 49
+10 1
-10 10
cfi=(18)
cfn=(48)
calls=1 34 
* 43
* 2
+10 2
-10 4
+6 5
cfi=(17) /build/buildd/eglibc-2.11.1/elf/dl-minimal.c
cfn=(74) strsep
calls=1 320 
* 890
* 5
cfi=(17)
cfn=(74)
calls=1 320 
* 27
* 6
+1 4
+3 5
cfn=(80) do_preload
calls=1 800 
* 2845
* 2
fi=(4)
189 2
fe=(2)
1855 1
cfn=(146) init_tls
calls=1 718 
* 818
* 3
2222 1
+1 1
-3 2
1766 7
+4 1
+1 1
-1 1
+2 2
+1 2
+21 2

fn=(80)
800 4
+12 1
-12 1
cfi=(3)
cfn=(4)
calls=1 131 
* 2
* 3
+6 1
-6 1
+12 1
-5 1
+5 2
-2 1
+2 1
-10 1
+6 1
+4 1
-2 1
+2 2
cfi=(27)
cfn=(82) _dl_catch_error
calls=1 160 
* 2806
+1 1
-1 1
+1 2
+2 4
+12 6

fn=(88) map_doit
626 1
+2 1
-2 4
+2 7
cfi=(21)
cfn=(90) _dl_map_object
calls=1 1958 
* 2723
* 2
+2 3

fn=(146)
718 1
+62 1
-62 5
cfi=(3)
cfn=(4)
calls=1 131 
* 2
* 2
+6 1
-4 1
+4 1
-4 1
+4 1
+60 7
-54 1
+3 4
cfi=(17)
cfn=(38) calloc
calls=1 108 
* 77
+12 1
-12 1
+7 1
+1 1
+4 1
+2 5
+2 21
+4 2
+2 2
-7 2
-1 4
+1 5
-1 11
+10 2
+3 1
cfi=(34)
cfn=(148) _dl_determine_tlsoffset
calls=1 116 
* 129
+7 1
cfi=(34)
cfn=(150) _dl_allocate_tls_storage
calls=1 332 
* 498
+1 1
-1 1
+1 1
+6 1
+4 1
-4 1
+4 17
+3 1
+2 1

fn=(84) _dl_initial_error_catch_tsd
791 14
cfi=(22)
cfn=(64) 0x000168a7
calls=14 84 
* 28
* 42
+3 42

fn=(152)
847 5
cfi=(3)
cfn=(4)
calls=1 131 
* 2
* 2
fi=(39) /build/buildd/eglibc-2.11.1/elf/../sysdeps/unix/sysv/linux/dl-osinfo.h
72 1
fe=(2)
847 1
fi=(39)
68 1
fe=(2)
849 1
fi=(39)
75 2
+48 5
fe=(2)
851 1
+6 3
+2 1
fi=(39)
132 2
+11 1
fe=(2)
862 1
+2 1
+6 1
+1 6

fn=(28)
2492 6
cfi=(3)
cfn=(4)
calls=1 131 
* 2
* 3
+8 2
-7 1
+7 3
-1 2
-6 1
2645 2
+9 1
-20 1
-6 1
2499 2
2654 1
-9 1
-11 1
-6 2
2502 2
cfi=(13) /build/buildd/eglibc-2.11.1/elf/dl-environ.c
cfn=(30) _dl_next_ld_env_entry
calls=1 30 
* 47
* 4
cfi=(13)
cfn=(30)
calls=2 30 
* 213
* 9
+4 6
-4 2
+4 38
+1 19
-1 57
+9 12
2664 1
-4 2
+4 1
-4 1
+4 1
+30 3
+21 6
2589 17
-53 5
+7 6
cfi=(14)
cfn=(32)
calls=1 34 
* 19
* 3
+2 2
+1 1
+45 2
+1 1

fl=(19)
fn=(50)
38 19197
+1 2133
+1 4266
-2 16455
+1 16455
+1 32910
+1 17170
+2 34340
+2 2145
+1 2860
-5 2836
+5 5672

fl=(32)
fn=(116) openaux
62 72
+7 12
-4 60
+1 60
-1 64
cfi=(21)
cfn=(90)
calls=8 1958 
* 5918
* 28
cfi=(21)
cfn=(90)
calls=4 1958 
* 37075
* 24
+5 60

fn=(114)
149 7
+1 1
-1 1
+16 1
-16 1
cfi=(3)
cfn=(4)
calls=1 -18 
* 2
* 1
+1 5
+16 1
-16 1
+14 1
+1 1
+1 2
+6 4
+10 5
+1 1
-1 1
-18 1
+2 1
-1 1
+7 1
+10 1
-10 3
+10 6
+4 1
338 1
-8 1
186 1
303 1
186 1
+15 1
+2 1
+1 1
338 1
201 1
330 1
-27 2
-95 1
+5 1
-5 1
+5 1
+4 1
-9 1
+9 2
-9 6
+5 6
-5 6
+5 6
+4 6
-9 6
+9 12
+2 2
+3 28
+2 5
+8 5
-8 5
+11 5
-11 5
+8 5
-2 5
+5 5
-11 5
+5 5
+2 10
+4 20
+58 5
-58 5
+58 5
-58 10
+1 242
+6 72
cfi=(25) /build/buildd/eglibc-2.11.1/string/../sysdeps/i386/strchr.S
cfn=(70) index
calls=12 38 
* 898
* 36
+5 48
-3 12
+3 48
cfi=(27)
cfn=(82)
calls=12 -87 
* 44153
+2 12
-2 12
+2 24
+15 12
+2 24
+19 36
+1 40
-51 605
466 21
+2 25
+2 15
cfi=(17)
cfn=(42) malloc
calls=5 96 
* 255
+2 5
-2 5
+2 5
+3 5
+1 10
-1 5
+1 25
cfi=(18)
cfn=(48)
calls=5 34 
* 155
+1 30
cfi=(18)
cfn=(48)
calls=5 34 
* 155
+3 10
+4 35
+2 7
+1 44
277 5
-6 15
+8 5
-3 5
-2 5
+1 5
+2 5
+4 30
-59 10
+13 4
-18 39
+1 6
-1 12
+2 40
487 4
+4 2
+4 5
+11 4
cfi=(17)
cfn=(42)
calls=1 96 
* 51
+2 1
-2 1
+2 1
+5 3
+1 1
-1 1
+1 1
-1 1
+1 3
+4 28
+4 28
+4 7
-10 21
+13 3
+46 6
+2 5
+35 4
+7 1
+6 1
-6 2
+6 1
-6 1
+6 3
-6 5
+6 5
-6 10
+6 5
-6 5
+6 75
+5 42
+4 15
+1 10
-1 30
+1 25
+3 75
-1 105
-7 60
-13 24
+40 3
+2 1
+8 1
-8 1
+8 1
+3 2
+3 6
491 2
+1 3
288 545
612 8
cfi=(18)
cfn=(48)
calls=1 34 
* 37
+5 2

fl=(34)
fn=(172)
380 7
cfi=(3)
cfn=(4)
calls=1 131 
* 2
* 1
+1 1
-1 1
+1 1
+12 1
-8 1
+8 4
-8 2
+13 7
+6 9
+22 4
+1 8
+2 4
+1 4
+8 2
-8 2
+8 2
+1 4
+1 20
cfi=(23) /build/buildd/eglibc-2.11.1/string/mempcpy.c
cfn=(66) mempcpy
calls=2 35 
* 51
* 10
cfi=(31) /build/buildd/eglibc-2.11.1/string/../sysdeps/i386/memset.c
cfn=(108) memset
calls=2 33 
* 92
-42 8
+6 13
+3 1
+1 2
-1 1
+1 2
+6 7
+2 6
+38 3
+3 7

fn=(170)
820 12
cfi=(3)
cfn=(4)
calls=2 131 
* 4
* 4
+6 4
+3 4
+5 6
+41 4
+1 6
+1 12

fn=(148)
116 6
cfi=(3)
cfn=(4)
calls=1 +15 
* 2
* 2
+6 4
+3 4
+36 3
+2 10
-2 12
+2 4
+3 10
+2 4
+2 18
+16 12
+2 6
-2 4
+2 4
+10 6
-37 3
+41 1
-1 1
+1 1
-1 1
+1 3
+51 2
+1 6

fn=(150)
332 5
cfi=(3)
cfn=(4)
calls=1 131 
* 2
* 3
+2 1
+11 4
cfi=(17)
cfn=(46) __libc_memalign
calls=1 53 
* 77
+1 1
-1 1
+1 1
+7 1
+4 1
-4 1
+4 305
-58 1
+1 1
-1 1
+1 3
cfi=(17)
cfn=(38)
calls=1 108 
* 77
+1 2
+3 1
+6 2
+64 7

fn=(124) _dl_next_tls_modid
54 10
cfi=(3)
cfn=(4)
calls=2 +77 
* 4
* 6
+3 6
+48 4
+4 12

fl=(13)
fn=(30)
30 9
+1 3
-1 3
+4 11
+2 70
+11 33
-13 100
+17 9
-14 14
+5 2
-3 2
+3 2
+2 2

fl=(25)
fn=(70)
38 19
+3 19
+1 19
+7 19
+1 19
+1 19
+1 19
+13 19
+1 19
+1 14
+1 14
+1 14
+1 14
+1 14
+1 14
+2 14
+1 14
+1 10
+1 10
+1 10
+1 10
+1 10
+1 10
+2 10
+1 10
+1 7
+1 7
+1 7
+1 7
+1 7
+1 7
+3 7
+32 7
+2 7
+1 7
+2 7
+1 7
+10 7
-14 19
+1 19
+2 19
+1 19
+10 19
+4 26
+3 26
+1 26
+4 26
+6 25
+1 25
+1 25
+3 25
+1 25
+1 25
+1 25
+2 25
+2 25
+1 25
+2 25
+1 25
+3 25
+1 25
+1 25
+1 25
+2 25
+1 25
+1 25
+1 25
+3 25
+1 22
+1 22
+1 22
+2 22
+2 21
+1 21
+2 21
+1 21
+3 21
+1 21
+1 21
+1 21
+2 21
+1 21
+1 21
+1 21
+3 21
+1 19
+1 19
+1 19
+2 19
+2 11
+1 11
+2 11
+1 11
+3 11
+1 11
+1 11
+1 11
+2 11
+1 11
+1 11
+1 11
+3 11
+1 9
+1 9
+1 9
+2 9
+3 18
+2 18
+5 18
+14 1
+1 1
+23 1
+5 1

fl=(20) /build/buildd/eglibc-2.11.1/posix/../sysdeps/unix/syscall-template.S
fn=(56) uname
82 7
+1 1

fl=(28) /build/buildd/eglibc-2.11.1/setjmp/../sysdeps/i386/setjmp.S
fn=(86) __sigsetjmp
34 13
+4 13
+1 13
+1 13
+1 13
+4 13
+1 13
+4 13
+2 13
+4 13
+1 13

fl=(1) ???
fn=(182) 0x00000840
0 2

fn=(0) 0x00000850
0 2
cfi=(2)
cfn=(2)
calls=1 363 
0 1382414
0 2
cfn=(182)
calls=1 0 
0 2
0 17
cfi=(41) /build/buildd/eglibc-2.11.1/elf/dl-init.c
cfn=(186) _dl_init
calls=1 93 
0 10784
0 3
cob=(8)
cfi=(60)
cfn=(442) 0x08049400
calls=1 0 
0 1906749

fn=(912) _dl_sysinfo_int80
0 20

fl=(15)
fn=(34)
36 36
cfi=(3)
cfn=(4)
calls=6 +95 
* 12
* 36
+3 12
cfi=(11)
cfn=(22)
calls=6 -5 
* 298
+6 6
-6 6
+7 6
-7 6
+7 6
+6 42
cfi=(17)
cfn=(38)
calls=6 +56 
* 511
+3 12
-3 6
+3 6
+4 12
-1 6
+4 18
+2 48
cfi=(18)
cfn=(48)
calls=6 -30 
* 202
* 12
+2 6
+2 6
-2 6
+3 6
-1 6
+1 30
+3 18
+6 6
+3 6
-7 6
+4 6
+3 8
+2 1
-2 3
+2 15
-2 45
+18 6
-6 6
+6 6
-6 12
+6 6
-5 6
+5 17
+3 80
+2 5
+5 5
-3 5
+3 25
+4 5
+1 5
-1 5
+1 15
+1 10
+3 5
-3 10
+3 5
-5 1
+1 1
-1 1
+1 3
+1 2
+3 1
-3 2
+3 2
+4 20
+4 35
+8 1
+6 1
-3 2
+3 8
-3 10
+3 15
+2 15
cfi=(11)
cfn=(22)
calls=5 34 
* 364
+4 5
-4 5
+4 5
-4 5
+4 5
+64 5
+7 42
46 21
212 6
73 12
+39 4
+10 1
+4 5
+24 10
cfi=(17)
cfn=(42)
calls=5 -54 
* 255
* 5
+1 15
+45 35
cfi=(23)
cfn=(66)
calls=5 35 
* 192
* 10
+6 154
-1 77
+1 82
-1 5
+1 5
+2 15
+3 10

fl=(24) /build/buildd/eglibc-2.11.1/misc/../sysdeps/unix/sysv/linux/i386/mmap.S
fn=(68) mmap
35 16
+2 16
+2 16
+2 16
+3 16
+2 16
+1 16
+1 16
+2 16
+2 16
+2 16
+1 16
+1 16
+1 16
+2 16
+3 16
+3 16
+3 16
+3 16
+3 16
+24 16
+1 16
+4 16

fl=(33) /build/buildd/eglibc-2.11.1/io/../sysdeps/unix/sysv/linux/xstat64.c
fn=(122) __xstat64
47 126
+3 63
-3 63
+3 63
-3 63
cfi=(3)
cfn=(4)
calls=63 +84 
* 126
* 63
+3 378
+34 189
-34 224

fl=(21)
fn=(94) expand_dynamic_string_token
314 5
cfi=(3)
cfn=(4)
calls=1 131 
* 2
* 5
+10 3
cfi=(25)
cfn=(70)
calls=1 38 
* 214
* 2
+15 1
-11 1
+11 4
-11 1
cfn=(96) local_strdup
calls=1 160 
* 232

fn=(96)
160 20
cfi=(3)
cfn=(4)
calls=4 -29 
* 8
* 4
+1 4
-1 12
+1 4
cfi=(11)
cfn=(22)
calls=4 34 
* 325
* 4
+1 8
cfi=(17)
cfn=(42)
calls=4 -66 
* 204
* 4
+2 12
+3 16
cfi=(18)
cfn=(48)
calls=4 34 
* 156
+1 24

fn=(104) _dl_map_object_from_fd
839 30
cfi=(3)
cfn=(4)
calls=5 131 
* 10
* 15
+11 5
-11 5
+11 10
cfi=(26)
cfn=(76)
calls=5 49 
* 140
* 5
+4 30
cfi=(30) /build/buildd/eglibc-2.11.1/io/../sysdeps/unix/sysv/linux/fxstat64.c
cfn=(106) __fxstat64
calls=5 46 
* 90
* 10
+11 30
+1 35
-1 60
+1 160
+17 15
+22 10
+9 10
+21 20
+31 15
+3 50
cfi=(15)
cfn=(34)
calls=5 36 
* 2883
* 5
+1 5
-1 5
+1 5
-52 10
+63 5
+1 5
-64 5
+63 5
+2 5
-1 5
+4 5
-3 5
+2 5
+1 5
-1 5
+1 15
+1 10
+22 5
-17 5
+17 20
+8 5
-8 10
+8 15
-8 5
+8 5
+89 5
+7 5
-96 15
+89 10
+28 5
1017 5
+96 5
+21 15
1018 68
+6 10
+1 20
-8 240
+1 262
+60 6
+4 2
+1 4
+1 6
+4 4
+3 4
+4 8
+6 2
cfi=(34)
cfn=(124)
calls=2 54 
* 42
* 6
+1 2
-67 70
+6 70
+8 20
+1 10
-1 40
+1 40
+1 10
-1 10
+1 80
+2 30
+1 30
+1 30
+4 10
-4 10
+4 26
+5 8
+11 1
-11 72
+11 9
-46 4
+1 2
1160 10
+1 15
-5 10
+1 5
-70 8
+78 15
982 5
1178 5
982 5
1178 25
+2 5
-2 5
+2 5
+19 65
cfi=(24)
cfn=(68)
calls=5 35 
* 115
+4 5
-4 5
+4 5
+7 15
+1 10
+2 5
-2 5
+2 5
+10 10
+35 20
+1 15
+2 30
+7 40
+7 5
-1 5
+1 5
+1 5
-2 5
+2 10
+1 10
-1 23
+8 10
+3 15
+11 40
cfi=(31)
cfn=(108)
calls=5 33 
* 1013
+1 30
+5 10
+15 10
-73 60
+4 10
-2 10
+2 60
cfi=(24)
cfn=(68)
calls=5 35 
* 115
-2 10
-29 10
cfi=(37)
cfn=(134)
calls=1 82 
* 10
* 1
1323 5
-77 5
+77 10
+9 5
fi=(4)
113 5
fe=(21)
1332 5
fi=(4)
113 5
+6 5
-2 5
+2 10
+25 15
+20 20
+1 20
+1 20
+1 20
+2 15
+3 20
+2 20
+1 19
+1 20
+6 15
+7 15
+5 15
+4 15
+1 15
+12 15
+5 1
+2 1
-2 1
+2 1
+2 2
+2 2
+3 15
+2 2
+2 2
+3 15
fe=(21)
1338 15
+16 15
+19 10
+2 25
+51 15
+1 4
+3 6
cfi=(22)
cfn=(112) close
calls=2 82 
* 16
* 9
cfi=(22)
cfn=(112)
calls=3 82 
* 24
* 10
+8 10
+3 15
+2 10
+16 10
cfi=(7)
cfn=(12)
calls=5 843 
* 200
+4 10
+1 15
+17 10
+4 10
+5 5
-5 10
+1 10
+4 5
-4 10
+4 5
+8 5
-1 10
+20 35
fi=(4)
122 84
+15 84
-18 252
+18 31
-18 93
+2 230
+5 124
+1 104
+1 20
+3 20
+3 20
+1 20
fe=(21)
1482 2
1263 9
-2 6
+2 6
-2 9
+2 6
+1 21
+2 12
+42 20
cfi=(24)
cfn=(68)
calls=2 35 
* 46
+3 4
fi=(4)
189 10
fe=(21)

fn=(118) cache_rpath
598 55
+1 44
+17 44

fn=(58)
622 6
cfi=(3)
cfn=(4)
calls=1 131 
* 2
* 3
+15 6
cfi=(8)
cfn=(60) _dl_important_hwcaps
calls=1 353 
* 2690
* 2
+4 2
cfi=(17)
cfn=(42)
calls=1 96 
* 51
+2 1
-2 2
+2 1
+7 7
+4 3
cfi=(17)
cfn=(42)
calls=1 96 
* 92
* 2
+3 5
+7 2
+19 1
+3 2
-3 1
+3 3
-23 1
+20 2
+3 1
-22 1
+22 2
-14 1
+3 1
+2 1
-5 1
+2 2
+4 2
+1 1
+3 2
-10 3
+3 3
+2 3
-5 3
+2 6
+4 6
+1 3
+3 10
+1 12
+1 4
-1 12
+1 60
-1 188
+3 4
-3 4
+3 13
+4 3
-4 3
+4 10
-4 1
+11 1
-5 1
+1 1
+5 2
+2 4
+2 3
+32 6
+8 3
cfi=(25)
cfn=(70)
calls=1 38 
* 421
* 2
+2 3
cfi=(11)
cfn=(22)
calls=1 34 
* 211
* 10
cfi=(18)
cfn=(48)
calls=1 34 
* 54
* 1
+17 7
+2 1
+1 2
+1 1
-4 3
+2 94
+1 188
+1 94
-4 283
+7 2
cfi=(17)
cfn=(42)
calls=1 96 
* 51
+2 1
-2 1
+2 1
+6 10
cfn=(72) fillin_rpath
calls=1 384 
* 3119
+4 4
+6 1
-52 1
+58 2
+1 6
-75 1
-2 1
+2 2
+11 2

fn=(72)
384 6
cfi=(3)
cfn=(4)
calls=1 131 
* 2
* 7
+11 1
+22 1
-22 1
+22 2
-29 5
cfi=(17)
cfn=(74)
calls=1 -68 
* 195
* 20
cfi=(17)
cfn=(74)
calls=4 -68 
* 1744
* 15
+3 12
cfi=(11)
cfn=(22)
calls=4 34 
* 269
+4 4
-4 4
+4 4
+15 12
+29 68
+1 66
+7 3
+5 6
+6 12
+3 18
cfi=(17)
cfn=(42)
calls=3 96 
* 153
+3 6
-3 3
+3 3
+4 3
+2 6
-2 6
+2 12
cfi=(23)
cfn=(66)
calls=3 35 
* 117
* 3
+1 3
+2 3
-2 3
+2 3
+1 2
+5 4
+1 2
-1 6
+1 4
-1 2
+1 1
-1 3
+1 5
+1 3
-1 9
+1 45
-1 135
+4 3
-1 3
+1 3
-1 3
+1 3
+7 3
+4 3
-4 3
+4 3
-3 3
+3 12
-93 20
+5 16
+93 2
+3 1
-3 1
+3 6
-56 3
+42 6

fn=(98) open_verify
1565 979
cfi=(3)
cfn=(4)
calls=89 131 
* 178
* 89
+36 89
-36 89
+36 353
+21 356
cfi=(22)
cfn=(100) open
calls=89 82 
* 1646
+1 89
-1 89
+1 89
+11 10
-1 5
+1 30
cfi=(22)
cfn=(102) read
calls=5 82 
* 50
* 5
+7 5
-7 10
+7 5
+16 70
+50 15
+5 15
+2 15
+6 15
+7 10
+1 5
-1 10
+1 15
+1 10
+15 226
+1 124
+4 25
+1 15
+14 35
+2 20
+5 2
+1 2
-13 89
+16 4
+3 2
+1 2
+1 2
+1 6
+14 632
-13 2
-1 22

fn=(120) open_path
1809 28
+1 4
-1 4
cfi=(3)
cfn=(4)
calls=4 131 
* 8
* 8
+1 4
+6 4
-6 4
+6 4
+5 24
+46 8
-46 28
+75 8
-41 12
-22 39
+7 13
+1 13
-1 78
cfi=(23)
cfn=(66)
calls=13 35 
* 483
+1 26
-1 13
+1 39
+32 52
-12 128
+24 1
-23 1
+25 3
-46 755
+3 416
+4 765
cfi=(23)
cfn=(66)
calls=85 35 
* 2563
* 510
cfi=(23)
cfn=(66)
calls=85 35 
* 2987
* 85
-1 85
+7 170
+3 935
cfn=(98)
calls=85 1565 
* 4672
+2 85
-2 85
+2 255
+26 84
+2 42
-46 81
+44 9
+41 18
-41 3
+41 54
+7 12
-2 12
+2 66
-67 189
+1 378
+79 63
-79 126
+6 189
+3 378
cfi=(33)
cfn=(122)
calls=63 47 
* 1358
-1 126
+1 28
+2 112
+7 126
+27 4
cfi=(17)
cfn=(42)
calls=1 96 
* 51
* 1
+1 3
-1 1
+1 1
+2 5
cfi=(18)
cfn=(48)
calls=1 34 
* 36
+1 1
+34 7
-14 9
+10 3
+4 21
-70 21

fn=(90)
1958 91
+7 13
-7 13
cfi=(3)
cfn=(4)
calls=13 131 
* 26
* 39
+7 26
+1 39
+3 78
+12 100
-12 150
+5 174
+1 116
+2 174
cfi=(29)
cfn=(92)
calls=58 301 
* 6179
* 116
2242 56
2001 10
-1 10
+10 5
-1 10
+24 5
+2 15
cfi=(25)
cfn=(70)
calls=5 38 
* 319
* 10
2174 2
+1 3
cfn=(94)
calls=1 314 
* 470
+2 1
-3 1
+3 1
+4 10
cfn=(98)
calls=1 1565 
* 199
+3 1
-3 1
+3 1
+11 25
+3 10
+41 5
+1 5
-1 5
+1 75
cfn=(104)
calls=5 839 
* 9249
+2 10
-2 5
+2 25
2000 10
+39 8
cfi=(11)
cfn=(22)
calls=4 34 
* 182
* 4
+2 4
-2 4
+2 4
+7 28
+35 12
+1 76
cfn=(120)
calls=4 1809 
* 19023
+6 4
-6 4
+6 4
+7 2
+71 8
-78 30
cfn=(118)
calls=3 598 
* 39
* 6
+7 12
+6 6
cfi=(35)
cfn=(126) _dl_load_cache_lookup
calls=3 182 
* 5228
+2 3
-2 3
+2 3
+4 9
+12 6
+22 33
cfn=(98)
calls=3 1565 
* 685
+3 3
-3 3
+3 3
+2 9
cfn=(96)
calls=3 160 
* 573
+1 6
-1 3
+1 3
-97 4
+5 4
-5 4
+5 4
+3 4
-3 4
+3 24
-3 4
+3 24
-3 12
+1 28
cfn=(118)
calls=4 598 
* 52
* 8
+14 20
+1 20
-1 32
cfn=(118)
calls=4 598 
* 52
* 8
-90 50
-1 100
+4 84
+2 112
cfi=(19)
cfn=(50)
calls=28 38 
* 1057
* 84

fl=(29)
fn=(128) _dl_sysdep_read_whole_file
44 5
cfi=(3)
cfn=(4)
calls=1 +87 
* 2
* 5
+3 3
cfi=(22)
cfn=(100)
calls=1 +35 
* 10
+1 2
-1 1
+1 1
+2 5
cfi=(30)
cfn=(106)
calls=1 -4 
* 18
* 2
+2 1
+3 1
-3 1
+3 1
+13 3
cfi=(22)
cfn=(112)
calls=1 +14 
* 8
* 1
+3 7
-14 8
cfi=(24)
cfn=(68)
calls=1 -22 
* 23
* 2

fn=(92)
301 2720
cfi=(3)
cfn=(4)
calls=340 131 
* 680
* 680
+1 1360
cfi=(19)
cfn=(50)
calls=340 38 
* 7487
* 680
+3 340
+2 680
+4 337
-4 1011
+1 1424
cfi=(19)
cfn=(50)
calls=356 38 
* 12061
* 712
+6 19
-7 19
+7 416
-7 321
+7 1605

fl=(9)
fn=(54)
67 6
cfi=(3)
cfn=(4)
calls=1 +64 
* 2
* 2
+2 4
+85 6
-45 3
cfi=(20)
cfn=(56)
calls=1 -27 
* 8
* 3
+12 3
+10 12
+2 3
+2 3
-2 6
+2 9
+3 4
-3 4
+7 3
-1 3
+2 3
+2 14
+5 3

fl=(38)
fn=(144) match_symbol
82 217
cfi=(3)
cfn=(4)
calls=31 +49 
* 62
* 62
+1 31
-1 31
+1 31
+8 31
-8 31
+8 31
+6 124
+15 31
+1 62
+2 62
+5 62
+14 436
+12 561
+4 187
-30 374
+19 248
cfi=(19)
cfn=(50)
calls=31 38 
* 2707
* 93
+34 31
+1 217

fn=(142) _dl_check_map_versions
180 56
+15 14
-15 7
cfi=(3)
cfn=(4)
calls=7 -49 
* 14
* 14
+15 14
+4 7
-2 7
+3 7
+2 7
-5 7
+2 7
+1 7
+2 7
+3 15
+4 5
-4 5
+4 10
+10 20
+7 5
62 5
226 5
62 5
226 5
62 5
226 5
62 15
226 6
62 6
226 6
62 6
226 6
62 6
226 6
62 40
+1 51
-1 102
+2 186
cfi=(29)
cfn=(92)
calls=62 301 
* 6401
* 124
230 22
+4 33
+5 44
+20 20
-16 507
cfn=(144)
calls=8 82 
* 1620
* 253
cfn=(144)
calls=23 82 
* 4102
* 194
+11 93
+9 44
+5 12
+1 10
+8 21
+3 40
+6 25
+4 315
-4 191
+8 21
+83 14
-97 2
+19 30
cfi=(17)
cfn=(38)
calls=6 108 
* 462
* 6
+2 6
-2 18
+2 6
+8 12
+3 12
+2 6
-2 6
+2 6
-2 6
+2 6
+3 25
+4 5
+4 5
-4 5
+4 25
+1 20
+1 15
+1 15
+2 15
-9 6
+4 6
-4 6
+4 30
+1 24
+1 18
+1 18
+2 18
-5 35
+10 7
-10 42
+1 21
+1 21
+1 21
+2 21
+5 13
-10 78
+1 39
+1 39
+1 39
+2 46
+8 33
+5 24
+1 6
+4 18
+3 25
+20 62
-14 62
-2 62
+2 67
-2 5
+2 5
+5 372
+2 62
-2 62
+1 186
+4 201
+10 35

fn=(140)
383 3
+4 1
-4 1
+4 1
-4 3
cfi=(3)
cfn=(4)
calls=1 131 
* 2
* 1
+4 1
-4 2
+4 2
+1 21
-1 7
+1 7
-1 14
+5 7
-3 28
cfn=(142)
calls=7 180 
* 17356
-1 28

fl=(30)
fn=(106)
46 12
+3 6
-3 6
+3 6
-3 6
cfi=(3)
cfn=(4)
calls=6 +85 
* 12
* 6
+3 36
+33 18

fl=(12) /build/buildd/eglibc-2.11.1/elf/../misc/sbrk.c
fn=(24) sbrk
35 5
cfi=(3)
cfn=(4)
calls=1 +96 
* 2
* 4
+8 6
+4 2
+11 7

fl=(41)
fn=(186)
93 7
cfi=(3)
cfn=(4)
calls=1 +38 
* 2
* 2
+2 1
-2 1
+1 1
-1 1
+5 3
+7 2
+27 1
+1 1
-1 1
+1 3
+1 9
cfn=(188) call_init
calls=1 -98 
* 34
* 54
cfn=(188)
calls=6 -98 
* 10537
-1 14
+7 6
-40 7
cfn=(188)
calls=1 -64 
* 94
+1 3

fn=(188)
36 56
+1 8
-1 8
cfi=(3)
cfn=(4)
calls=8 +95 
* 16
* 8
+1 16
+9 7
-3 21
+3 28
+5 18
+5 10
+8 10
+6 50
cob=(2)
cfi=(16)
cfn=(282)
calls=1 -70 
* 2147
cob=(2)
cfi=(16)
cfn=(260)
calls=1 -70 
* 45
cob=(2)
cfi=(16)
cfn=(238)
calls=1 -70 
* 45
cob=(4)
cfi=(43) /build/buildd/eglibc-2.11.1/csu/../sysdeps/unix/sysv/linux/init-first.c
cfn=(212) _init
calls=1 -18 
* 8053
cob=(2)
cfi=(16)
cfn=(190)
calls=1 -70 
* 45
* 5
+4 5
+1 10
+12 48
-35 3
-5 3

fl=(8)
fn=(174)
250 2
+1 2

fn=(14)
88 8
cfi=(3)
cfn=(4)
calls=1 +43 
* 2
* 1
+25 1
-1 1
+1 150
+6 2
-3 1
+3 1
-6 1
+3 1
+3 1
-2 1
+2 24
+1 108
+3 3
-4 64
+93 3
fi=(9)
36 2
cfi=(10) /build/buildd/eglibc-2.11.1/elf/../sysdeps/unix/sysv/linux/i386/brk.c
cfn=(18) brk
calls=1 * 
* 21
fi=(6)
273 5
fe=(8)
-45 2
cfi=(12)
cfn=(24)
calls=1 35 
* 26
* 3
+12 3
+3 5
cfi=(2)
cfn=(26)
calls=1 885 
* 1381242
+2 7
-67 1
-59 2
+59 1
-59 2
+34 1
-34 1
+34 1
-34 3
+43 1
-43 2
+43 1
-43 2
+40 1
-40 1
+40 3
-40 3
+37 1
-37 2
+37 1
-37 3
+13 1
-13 2
+13 1
-13 2
+10 1
-10 1
+10 1
-10 3
+7 1
-7 4
226 2
cfi=(11)
cfn=(22)
calls=1 34 
* 21
* 2

fn=(60)
353 6
cfi=(3)
cfn=(4)
calls=1 131 
* 2
* 5
+2 6
+1 4
+9 7
+1 243
-1 27
+1 27
-1 27
+1 27
+1 54
-2 351
+10 4
+4 2
+40 4
cfi=(22)
cfn=(62)
calls=1 82 
* 18
* 2
-2 2
+17 4
+3 1
-20 1
+17 1
+3 1
+22 4
+3 7
-3 26
+1 243
+2 16
+1 6
cfi=(11)
cfn=(22)
calls=2 34 
* 42
+1 2
-1 4
+1 18
+1 2
-1 10
-5 85
+8 3
+2 1
+1 1
-1 2
+1 4
+8 1
-4 2
+4 1
-4 1
+1 1
+3 1
+3 2
+4 5
+1 2
+18 5
+1 1
-1 2
+1 2
cfi=(17)
cfn=(42)
calls=1 96 
* 51
+1 1
-1 2
+1 1
+7 2
+22 2
+3 1
-3 4
+3 1
+7 7
+9 1
-9 2
+9 1
-9 1
+9 1
-9 1
+9 2
-3 1
-3 1
+3 6
cfi=(23)
cfn=(66)
calls=1 35 
* 22
* 3
-3 3
+3 18
cfi=(23)
cfn=(66)
calls=3 35 
* 66
* 4
+3 4
-3 8
+3 12
+1 8
-1 4
+1 8
-1 12
+1 40
+1 12
-2 4
+2 20
cfi=(23)
cfn=(66)
calls=4 35 
* 92
* 8
-2 4
+2 8
-2 8
+5 32
cfi=(23)
cfn=(66)
calls=4 35 
* 92
* 8
+2 8
+5 2
-7 1
+7 5
+1 1
-1 3
+1 15
-1 49
+5 4
+3 3
-3 12
+3 21
+2 128
-2 32
+1 96
-1 28
+1 96
-1 64
+4 4
-4 4
+4 8
+3 1
+2 2
-1 1
-1 1
+2 1
-2 1
+1 1
+1 1
-1 1
+1 3
+3 9
+3 3
-6 6
+2 18
+3 6
+1 3
-6 10
+13 16
+3 3
-3 35
+3 21
+3 4
+3 7
488 5
+2 2
-1 4
+1 2
-1 4
+2 10
+7 4
-56 4

fl=(31)
fn=(108)
33 42
+6 7
-6 14
+6 7
+3 7
+3 14
+3 12
+1 18
+3 30
+6 12
+7 873
+5 12
+4 15
+7 42

fl=(10)
fn=(18)
36 5
cfi=(3)
cfn=(4)
calls=1 +95 
* 2
* 1
+5 5
+4 2
-2 1
+2 1
+7 4

fl=(23)
fn=(66)
35 1025
+2 205
-2 205
+1 205
+6 410
+3 628
+1 553
+11 1185
+6 1019
+3 1230

fl=(27)
fn=(82)
160 65
cfi=(3)
cfn=(4)
calls=13 -29 
* 26
* 65
+9 13
+2 13
cfi=(2)
cfn=(84)
calls=13 791 
* 117
* 13
+1 13
+2 13
-2 13
+2 39
cfi=(28)
cfn=(86)
calls=13 34 
* 143
+1 13
-1 13
+1 13
+2 39
+1 39
cfi=(32)
cfn=(116)
calls=12 62 
* 43373
cfi=(2)
cfn=(88)
calls=1 626 
* 2741
+1 39
+1 13
+1 13
-1 13
+2 13
-1 13
+1 13
+10 78

fn=(136)
198 5
cfi=(3)
cfn=(4)
calls=1 -67 
* 2
* 6
+1 1
cfi=(2)
cfn=(84)
calls=1 791 
* 9
+5 1
+4 1
+2 1
-7 1
+7 1
-3 1
+3 3
cfi=(2)
cfn=(138)
calls=1 658 
* 17506
+2 2
+1 1
-1 1
+2 1
-1 1
+1 5

fl=(3)
fn=(4)
131 9528

fl=(22)
fn=(102)
82 45
+1 5

fn=(112)
82 42
+1 6

fn=(62)
82 40
+1 10
cfn=(64)
calls=5 +1 
* 10
* 30

fn=(100)
82 810
+1 174
cfn=(64)
calls=84 +1 
* 168
* 504

fn=(64)
84 206

fl=(26)
fn=(78)
76 4
+1 4

fn=(76)
49 35
cfi=(3)
cfn=(4)
calls=7 +82 
* 14
* 7
+3 7
-3 21
+3 7
+5 7
-5 7
+5 21
+4 2
-1 1
+1 1
+1 1
-1 1
+1 2
+1 2
+4 49
-10 18

fl=(17)
fn=(42)
96 148
cfi=(3)
cfn=(4)
calls=37 +35 
* 74
* 222
cfn=(46)
calls=37 -43 
* 1385
+1 148

fn=(46)
53 228
cfi=(3)
cfn=(4)
calls=38 +78 
* 76
* 152
+1 151
+11 111
+3 74
-3 37
+3 37
-3 3
+3 2
-3 1
+3 141
+4 12
+1 9
+6 21
cfi=(24)
cfn=(68)
calls=3 -44 
* 69
+2 6
+2 6
+1 2
+1 8
+3 2
+1 2
+2 12
-6 4
+3 1
+1 1
+2 6
-3 35
+1 35
+2 210
-31 1
-2 2
+1 5

fn=(38)
108 126
cfi=(3)
cfn=(4)
calls=14 +23 
* 28
* 14
+3 14
-3 14
+3 14
-3 14
+3 28
+4 28
cfn=(42)
calls=14 -19 
* 763
+1 84

fn=(74)
320 42
+3 7
-3 7
cfi=(3)
cfn=(4)
calls=7 131 
* 14
* 7
+3 28
+2 14
+1 7
-1 7
+1 7
+4 40
+5 10
-5 405
+5 544
+2 1096
+8 137
-15 411
+18 2
-18 2
+18 2
+4 28
-13 6
+2 3
+7 3
-7 3
+7 3
+4 21

fl=(18)
fn=(48)
34 180
+1 30
-1 30
+6 30
-6 30
+6 30
+3 108
+1 54
+11 342
+6 119
+3 150

fl=(35)
fn=(176)
306 4
cfi=(3)
cfn=(4)
calls=1 131 
* 2
* 2
+1 4
+2 4
cfi=(37)
cfn=(178)
calls=1 82 
* 9
+1 1
+2 4

fn=(126)
182 18
cfi=(3)
cfn=(4)
calls=3 -51 
* 6
* 9
+8 6
+3 12
+45 6
+6 12
+11 3
-2 3
fi=(36) /build/buildd/eglibc-2.11.1/elf/../sysdeps/i386/dl-procinfo.h
101 3
fe=(35)
253 3
+2 3
fi=(36)
101 9
+3 12
cfi=(19)
cfn=(50)
calls=3 -66 
* 87
* 36
cfi=(19)
cfn=(50)
calls=9 -66 
* 312
* 24
-2 36
fe=(35)
259 12
cfi=(22)
cfn=(62)
calls=3 82 
* 54
+17 6
-17 3
+17 6
-23 3
+23 3
-23 3
+23 3
-23 3
+23 3
-23 3
+23 6
-23 3
+23 420
cfn=(132) _dl_cache_libcmp
calls=28 139 
* 2897
* 166
+21 21
196 4
cfi=(29)
cfn=(128)
calls=1 44 
* 110
+8 2
+1 1
-1 1
+1 1
-1 1
+1 3
-1 13
+8 1
-3 2
+3 2
+3 1
+1 2
-1 1
+1 1
+19 2
fi=(36)
105 3
fe=(35)
255 9
+1 3
-1 3
+1 9
+1 30
-39 2
-2 22
+60 74
cfn=(132)
calls=4 139 
* 511
* 83
+16 12
-16 104

fn=(132)
139 256
+1 72
+2 516
+2 20
+6 4
+1 4
-1 4
+1 8
-1 4
+1 8
+1 24
+2 16
+2 8
+17 140
-11 840
+2 504
+4 140
+1 420
-29 280
+32 4
+1 16
-1 4
+1 4
-8 112

ob=(4)
fl=(50) /build/buildd/eglibc-2.11.1/csu/../sysdeps/x86_64/multiarch/init-arch.c
fn=(226) __init_cpu_features
44 1
+5 1
-5 4
cfi=(44) /build/buildd/eglibc-2.11.1/string/../sysdeps/i386/i686/multiarch/strcmp.S
cfn=(214) 0x00016a0f
calls=1 +5 
* 2
* 2
+5 3
+3 1
-8 1
+5 1
+3 3
+42 6
-42 2
-21 6
+6 2
-6 1
+29 1
-23 1
-6 1
+7 2
+22 1
-22 1
+22 1
+1 1
-7 1
-23 1
+6 1
+1 1
+23 1
+5 2
+2 2
+1 3

fl=(68) /build/buildd/eglibc-2.11.1/iconv/gconv_simple.c
fn=(626) __gconv_btwoc_ascii
51 128
+1 128
-1 256
+5 128
-4 384
+4 128

fl=(90) /build/buildd/eglibc-2.11.1/signal/../sysdeps/unix/syscall-template.S
fn=(1066) 0x00107256
84 6

fl=(76) /build/buildd/eglibc-2.11.1/io/../sysdeps/unix/sysv/linux/fxstat64.c
fn=(910) __fxstat64@@GLIBC_2.2
46 2
+3 1
-3 1
+3 1
-3 1
cfi=(44)
cfn=(214)
calls=1 +3 
* 2
* 1
+3 3
cob=(1)
cfi=(1)
cfn=(912)
calls=1 -49 
* 2
* 3
+33 3

fl=(103) /build/buildd/eglibc-2.11.1/stdlib/grouping.c
fn=(1304) __correctly_grouped_prefixmb
56 310
+6 124
202 372

fl=(79)
fn=(936)
40 1
+3 1
cfi=(44)
cfn=(214)
calls=1 +6 
* 2
+1 1
+1 1
+1 1
+2 1
+1 1
+1 1
+1 1
+1 1
+1 1
+2 1
+3 1

fl=(89) /build/buildd/eglibc-2.11.1/misc/../sysdeps/unix/sysv/linux/getpagesize.c
fn=(1064) getpagesize
28 1
cfi=(90)
cfn=(1066)
calls=1 +56 
* 2
* 3
+16 1
-15 5
+15 1

fl=(93) /build/buildd/eglibc-2.11.1/malloc/morecore.c
fn=(1080) __default_morecore
48 6
+1 6
cfi=(94) /build/buildd/eglibc-2.11.1/misc/sbrk.c
cfn=(1082) sbrk
calls=2 -14 
* 117
+1 2
+3 2
-3 4
+3 2

fl=(44)
fn=(214)
49 13978
+1 13978

fl=(59) /build/buildd/eglibc-2.11.1/stdlib/cxa_atexit.c
fn=(396) __cxa_atexit
57 44
cfi=(44)
cfn=(214)
calls=11 -8 
* 22
* 22
+1 99
cfn=(398) __internal_atexit
calls=11 -24 
* 915
+1 44

fn=(400) __new_exitfn
73 11
+6 11
-6 11
+6 11
-6 55
cfi=(44)
cfn=(214)
calls=11 -24 
* 22
* 11
+6 44
+2 66
+2 33
+1 60
-3 1
+10 1
-10 3
+13 20
+25 10
+1 10
-1 20
+1 10
+7 20
-1 10
+4 20
-3 2
-1 1
+4 24
+3 77
-35 3
+14 1
+1 1
-1 1
+1 2
-32 2

fn=(398)
34 44
+1 11
-1 11
cfi=(44)
cfn=(214)
calls=11 +15 
* 22
* 33
+1 22
cfn=(400)
calls=11 +38 
* 574
+2 33
+4 22
+2 11
+1 22
+1 22
+2 22
+2 66

fl=(70) /build/buildd/eglibc-2.11.1/string/../sysdeps/i386/i686/multiarch/../../i586/strlen.S
fn=(640) __GI_strlen
47 926
+2 926
+2 926
+2 926
+1 901
+2 892
+1 892
+2 892
+1 892
+2 892
+2 24
+1 24
+2 24
+2 15
+1 15
+2 15
+1 15
+26 15
+1 15
+2 15
+1 15
+2 15
+1 15
-7 43
+1 43
+2 43
+1 43
+2 43
+1 43
+2 41
+2 41
+2 41
+3 35
+1 35
+2 35
+1 35
+2 35
+1 35
+2 35
+2 35
+2 35
+35 58
+1 58
+2 58
+1 58
+2 48
+1 48
+2 48
+2 28
+1 28
+2 28
+1 28
+2 17
+3 17
+4 17
-4 909
+4 909

fl=(99) /build/buildd/eglibc-2.11.1/stdlib/strtod_l.c
fn=(1242) str_to_mpn
283 2418
+6 806
-6 3224
fi=(107) /build/buildd/eglibc-2.11.1/stdlib/../stdlib/gmp.h
447 806
fe=(99)
283 806
cfi=(44)
cfn=(214)
calls=806 49 
* 1612
* 806
+6 806
-6 806
+6 806
fi=(107)
447 806
fe=(99)
289 806
fi=(107)
447 1612
fe=(99)
323 3224
+13 1612
+3 806
-2 806
-1 1612
+3 2418
+2 3224
+7 806
+2 806
-2 806
+2 2418
+2 1612
+1 806
+12 5642

fn=(1238) strtod_l
1600 2604
+1 6944
cfn=(1240) ____strtod_l_internal
calls=868 416 
* 329902
+1 1736

fn=(1240)
416 5208
+54 868
-54 868
cfi=(44)
cfn=(214)
calls=868 49 
* 1736
* 868
+54 868
+2 2604
+15 1736
+17 868
+1 1736
cfi=(70)
cfn=(640)
calls=868 47 
* 10416
+22 868
-6 868
+6 868
-22 868
+22 2604
+3 1736
+1 2604
+3 1736
+5 2604
+13 3472
+1 2604
+75 4960
+19 2604
+1 868
+17 868
-17 992
+1 124
-1 186
+23 248
+1 186
-1 3224
+1 2418
-1 62
+1 248
+6 124
+1 310
-7 2418
+42 6448
+13 2418
+14 806
+2 806
-2 806
+2 806
+42 1612
+9 806
-9 806
+9 806
+1 4030
+24 1612
+73 1612
-7 806
+7 806
+10 7254
+19 2418
+1 2418
+2 2418
+3 4030
561 2604
1585 4836
718 806
+22 2418
+1 806
1585 62
1045 62
1585 310
628 434
+44 372
+27 496
cfi=(103)
cfn=(1304)
calls=62 56 
* 806
+5 620
1045 186
-92 1612
+77 5642
+2 806
+1 1612
-1 806
+4 1612
-4 806
+4 806
+6 1612
+6 2418
795 4030
+24 4030
+75 1612
743 2418
+76 1612
1051 13702
cfn=(1242)
calls=806 283 
* 42718
* 806
+6 2418
+44 1612
+1 806
-1 806
+1 806
-1 1612
+1 806
+4 806
-4 806
+4 806
+9 1612
+32 2418
+3 6448
+2 1612
+8 1612
+2 12090
cfi=(100) /build/buildd/eglibc-2.11.1/stdlib/../sysdeps/i386/lshift.S
cfn=(1244) __mpn_lshift
calls=806 35 
* 15314
+4 7254
+15 6448
cfn=(1246) round_and_return
calls=806 182 
* 47554
* 806

fn=(1246)
182 4836
cfi=(44)
cfn=(214)
calls=806 49 
* 1612
* 806
+1 806
-1 3224
+1 806
+56 1612
+24 1612
+4 4836
-1 4030
cfi=(101) /build/buildd/eglibc-2.11.1/stdlib/../sysdeps/ieee754/dbl-64/mpn2dbl.c
cfn=(1248) __mpn_construct_double
calls=806 30 
* 22568
* 806

fl=(74) /build/buildd/eglibc-2.11.1/libio/genops.c
fn=(920) _IO_default_xsputn
452 1
+3 1
-3 5
+3 1
-3 1
cfi=(44)
cfn=(214)
calls=1 49 
* 2
* 2
+3 2
-2 1
+32 5
-25 4
+2 3
+3 1
-3 1
+3 1
+10 7
+5 3
-1 2
+1 9
-1 8
+2 1
-2 1
+2 1
+2 1
+2 2
+4 2
+1 6

fn=(1352) _IO_unsave_markers
1116 6
cfi=(44)
cfn=(214)
calls=1 49 
* 2
* 1
+1 3
+20 3
+2 4

fn=(1362) _IO_default_finish
687 7
cfi=(44)
cfn=(214)
calls=1 49 
* 2
* 1
+2 3
+6 3
+3 3
+6 2
cfn=(1348) _IO_un_link
calls=1 64 
* 19
+6 5

fn=(1348)
64 24
cfi=(44)
cfn=(214)
calls=3 -15 
* 6
* 3
+1 6
+4 6
+1 11
+2 1
-1 1
+1 16
+2 3
+2 2
+14 1
+2 8
+2 1
-1 1
+1 9
+1 2
+3 18
-6 6
-14 1
+2 1
-2 2

fn=(916) _IO_setb
404 14
cfi=(44)
cfn=(214)
calls=2 49 
* 4
* 2
+1 6
+2 4
+1 4
+1 6
+3 1
+1 5
-3 1
+3 5

fn=(904) _IO_doallocbuf
419 7
cfi=(44)
cfn=(214)
calls=1 49 
* 2
* 1
+1 3
+6 5
-4 2
+1 4
cfi=(75) /build/buildd/eglibc-2.11.1/libio/filedoalloc.c
cfn=(906) _IO_file_doallocate
calls=1 88 
* 139
* 2

fn=(1086) _IO_no_init
648 6
cfi=(44)
cfn=(214)
calls=1 49 
* 2
* 1
+1 1
-1 4
+1 4
cfn=(1088) _IO_old_init
calls=1 -35 
* 30
+1 1
+2 1
-2 1
+2 1
+15 1
-13 1
+1 1
+1 1
+1 1
+1 1
+1 1
+1 1
+1 1
+1 1
+1 1
+1 1
+1 1
+2 1
+3 1
+1 6

fn=(1088)
614 4
+1 2
+1 1
+1 1
+1 1
+1 1
+1 1
+1 1
+1 1
+1 1
+1 1
+1 1
+2 1
+1 1
+1 1
+1 1
+1 1
+2 1
+3 3
+1 3
+2 2

fn=(1092) _IO_link_in
104 16
cfi=(44)
cfn=(214)
calls=2 -55 
* 4
* 2
+1 6
+4 1
-2 2
+2 5
+1 11
+2 1
-1 1
+1 16
+2 1
+2 1
+2 1
-3 1
-1 1
+4 7
+2 1
-1 1
+1 9
+1 2
+3 12
-6 6

fl=(45) /build/buildd/eglibc-2.11.1/misc/init-misc.c
fn=(216) __init_misc
31 7
cfi=(44)
cfn=(214)
calls=1 +18 
* 2
* 2
+1 5
+2 3
cfi=(46) /build/buildd/eglibc-2.11.1/string/../sysdeps/i386/strrchr.S
cfn=(218) rindex
calls=1 +3 
* 336
+1 2
+3 3
+1 3
+2 6

fl=(100)
fn=(1244)
35 806
+2 806
+2 806
+3 806
+2 806
+2 806
+1 806
+7 806
+2 806
+2 806
+1 806
+1 806
+1 806
+37 806
+1 806
+2 806
+3 806
+3 806
+5 806

fl=(47) /build/buildd/eglibc-2.11.1/elf/soinit.c
fn=(220) __libc_global_ctors
26 5
cfi=(44)
cfn=(214)
calls=1 +23 
* 2
* 1
-7 5
+1 1
cfi=(48) /build/buildd/eglibc-2.11.1/libio/oldstdfiles.c
cfn=(222) _IO_check_libio
calls=1 +58 
* 17
-1 2
+1 2
cfi=(52) /build/buildd/eglibc-2.11.1/elf/dl-altinit.c
cfn=(236) dlinit_alt
calls=1 +21 
* 17
cfi=(49) /build/buildd/eglibc-2.11.1/string/../sysdeps/x86_64/cacheinfo.c
cfn=(224) init_cacheinfo
calls=1 487 
* 7582
-1 9
+10 4

fl=(87) /build/buildd/eglibc-2.11.1/malloc/hooks.c
fn=(1060) malloc_hook_ini
35 5
cfi=(44)
cfn=(214)
calls=1 +14 
* 2
* 3
+1 2
+1 1
cfi=(88) /build/buildd/eglibc-2.11.1/malloc/arena.c
cfn=(1062) ptmalloc_init
calls=1 467 
* 74009
+1 1
+1 4
-1 1
cfi=(86) /build/buildd/eglibc-2.11.1/malloc/malloc.c
cfn=(1059) malloc'2
calls=1 3615 
* 1131

fl=(51) /build/buildd/eglibc-2.11.1/stdlib/bsearch.c
fn=(232) bsearch
27 210
+7 468
+2 392
+1 196
-1 196
+1 588
+1 784
cfi=(49)
cfn=(234) intel_02_known_compare
calls=196 145 
* 2338
+1 392
+2 70
+1 126
-8 148
+14 66
-14 12
+14 114

fl=(77) /build/buildd/eglibc-2.11.1/misc/../sysdeps/unix/sysv/linux/i386/mmap.S
fn=(914) mmap
35 1
+2 1
+2 1
+2 1
+3 1
+2 1
+1 1
+1 1
+2 1
+2 1
+2 1
+1 1
+1 1
+1 1
+2 1
+3 1
cob=(1)
cfi=(1)
cfn=(912)
calls=1 -62 
* 2
+3 1
+3 1
+3 1
+3 1
+24 1
+1 1
+4 1

fl=(62) /build/buildd/eglibc-2.11.1/locale/newlocale.c
fn=(534) newlocale
46 8
cfi=(44)
cfn=(214)
calls=1 +3 
* 2
* 1
+12 2
+8 2
+3 5
+6 5
+1 3
-13 2
+12 3
280 1
+1 7

fl=(67) /build/buildd/eglibc-2.11.1/elf/dl-profstub.c
fn=(624) _dl_mcount_wrapper_check
38 512
cfi=(44)
cfn=(214)
calls=128 +11 
* 256
* 256
+1 512
+2 512

fl=(80) /build/buildd/eglibc-2.11.1/string/../sysdeps/i386/i686/multiarch/memcpy-ssse3.S
fn=(1288) __memmove_ssse3
121 1990
+1 1990
+1 1990
+1 1990
+3 1990
+1 1990
+1 1629
+1 1629
+1 1629
+1 1373
+2 256
+1 256
+1 256
+1 256
+4 617
+1 617
+7 242
+1 242
+1 242
cfi=(44)
cfn=(214)
calls=242 49 
* 484
* 726
+9 375
+1 375
+1 375
+1 375
+1 375
+1 375
+1 375
+1 375
+1 375
+1 375
+6 375
cfi=(44)
cfn=(214)
calls=375 49 
* 750
+1 375
+1 375
+6 375
+1 375
+1 375
+1 375
+2 237
cfi=(44)
cfn=(214)
calls=237 49 
* 474
* 711
+4 138
+1 138
+1 138
+1 138
+1 138
+1 138
+2 138
+1 138
+1 138
+1 138
+1 138
+1 138
+1 138
+25 138
+1 138
+1 138
+1 138
+1 138
+1 138
cfi=(44)
cfn=(214)
calls=138 49 
* 276
* 414
692 237
+1 237
+1 237
+1 237
+1 237
+1 237
+1 237
+3 237
+1 237
+1 237
+1 237
+1 237
+1 237
+1 237
+1 237
+1 237
+2 237
+15 237
+1 237
+1 237
+1 237
+1 237
+1 474
1047 124
+1 124
+2 124
+1 124
+2 124
+1 124
+2 124
+1 124
+2 124
+1 124
+2 124
+1 124
+2 124
+1 124
+2 124
+1 124
+6 124
+3 248
-13 263
+1 263
+2 263
+1 263
+6 263
+3 526
-3 230
+3 460
1322 124
+1 124
+2 124
+1 124
+2 124
+1 124
+2 124
+1 124
+3 124
+6 248
-13 488
+1 488
+2 488
+1 488
+3 488
+6 976
-6 761
+6 1522
1654 1373
cfi=(44)
cfn=(214)
calls=1373 49 
* 2746
* 4119

fn=(938) __memcpy_ssse3
121 1
+1 1
+1 1
+1 1
+17 1
+1 1
+18 1
+1 1
+1 1
+1 1
+1 1
+1 1
+1 1
+1 1
+1 1
+1 1
+6 1
cfi=(44)
cfn=(214)
calls=1 49 
* 2
+1 1
+1 1
+6 1
+1 1
+1 1
+1 1
+2 1
cfi=(44)
cfn=(214)
calls=1 49 
* 2
* 3
994 1
+1 1
+1 1
+1 1
+1 1
+1 1
+1 1
+3 1
+1 1
+1 1
+1 1
+1 1
+1 1
+1 1
+1 1
+1 1
+2 1
-10 3
+1 3
+1 3
+1 3
+1 3
+1 3
+1 3
+1 3
+1 3
+2 3
+2 3
+1 3
+1 3
+1 3
+1 3
+1 3
+1 3
+1 3
+1 3
+2 3
+3 1
+1 1
+1 1
+1 1
+1 1
+1 2
+76 1
+1 1
+2 1
+1 1
+2 1
+1 1
+2 1
+1 1
+2 1
+1 1
+2 1
+1 1
+1 1
+1 1
+2 1
+1 1
+5 1
+3 2

fl=(101)
fn=(1248)
30 2418
+3 2418
-3 806
+3 2418
+1 5642
+2 806
+1 806
-1 806
+1 4836
+11 1612

fl=(43)
fn=(212)
52 6
cfi=(44)
cfn=(214)
calls=1 -3 
* 2
* 5
+6 3
+17 1
-2 1
+1 1
+1 1
+14 4
cfi=(45)
cfn=(216)
calls=1 -58 
* 369
+8 1
cfi=(47)
cfn=(220)
calls=1 -71 
* 7647
+2 6
-32 2
-9 1
+9 3

fl=(83) /build/buildd/eglibc-2.11.1/io/../sysdeps/unix/syscall-template.S
fn=(1098) open
82 2
cfn=(1100) __open_nocancel
calls=1 * 
* 12

fn=(1192) __read_nocancel
82 6
cob=(1)
cfi=(1)
cfn=(912)
calls=1 -82 
* 2
* 4

fn=(980) __write_nocancel
82 18
cob=(1)
cfi=(1)
cfn=(912)
calls=3 -82 
* 6
* 12

fn=(1100)
82 6
cob=(1)
cfi=(1)
cfn=(912)
calls=1 -82 
* 2
* 4

fn=(1190) read
82 2
cfn=(1192)
calls=1 * 
* 12

fn=(1356) __close_nocancel
82 4
cob=(1)
cfi=(1)
cfn=(912)
calls=1 -82 
* 2
* 4

fn=(978) write
82 6
cfn=(980)
calls=3 * 
* 36

fl=(46)
fn=(218)
37 1
+3 1
+3 1
+1 1
+2 1
+7 1
+1 1
+1 1
+1 1
+13 1
+1 1
+1 1
+1 1
+1 1
+1 1
+1 1
+1 1
+1 1
+2 1
+1 1
+71 2
+1 2
+1 2
+1 2
+1 2
+1 2
+1 2
+2 2
+1 2
+1 2
+1 2
+1 2
-3 1
+1 1
+1 1
+1 1
-2 1
+1 1
+1 1
+1 1
+1 1
+6 3
+1 3
+1 3
+1 1
+2 1
+2 1
+1 1
+1 1
+11 1
-15 6
+2 6
+1 6
+1 6
+11 6
-13 1
+1 1
+1 1
+11 1
+4 8
+3 8
+1 8
+4 8
+6 8
+2 8
+1 8
+3 8
+1 6
+1 6
+1 6
+2 6
+2 4
+1 4
+1 4
+3 4
+1 4
+1 4
+1 4
+2 4
+1 4
+2 4
+1 4
+3 4
+1 4
+1 4
+1 4
+2 4
+2 3
+1 3
+1 3
+3 3
+1 3
+1 3
+1 3
+2 3
+1 3
+2 3
+1 3
+3 3
+1 3
+1 3
+1 3
+2 3
+2 2
+1 2
+1 2
+3 2
+1 2
+1 2
+1 2
+2 2
+1 1
+2 1
+1 1
+3 1
+1 1
+1 1
+1 1
+2 1
+3 1
+1 1
+1 1
+8 1
+1 1
+2 1
+1 1
+21 1
+3 1
+5 1

fl=(65) /build/buildd/eglibc-2.11.1/wcsmbs/btowc.c
fn=(620) btowc
35 1792
cfi=(44)
cfn=(214)
calls=256 +14 
* 512
* 512
+5 1536
+5 512
+4 384
fi=(66) /build/buildd/eglibc-2.11.1/wcsmbs/./wcsmbsload.h
+23 384
fe=(65)
-22 128
+2 128
-2 128
+2 384
+5 384
+3 512
cfi=(67)
cfn=(624)
calls=128 -22 
* 2048
* 640
cfi=(68)
cfn=(626)
calls=128 -9 
* 1152
+42 1536
fi=(66)
-28 512
fe=(65)

fl=(105) /build/buildd/eglibc-2.11.1/libio/iofclose.c
fn=(1346) fclose@@GLIBC_2.1
43 8
cfi=(44)
cfn=(214)
calls=1 +6 
* 2
* 1
+9 2
+5 3
+3 16
+1 2
fi=(78) /build/buildd/eglibc-2.11.1/libio/libioP.h
984 2
+1 12
fe=(105)
66 5
cfi=(73) /build/buildd/eglibc-2.11.1/libio/fileops.c
cfn=(1360) _IO_file_finish@@GLIBC_2.1
calls=1 206 
* 65
+1 3
+18 6
+2 1
+1 2
cfi=(86)
cfn=(1266) free
calls=1 3692 
* 146
cob=(1)
cfi=(57)
cfn=(390)
calls=1 -59 
* 815
+4 7
-10 3
-24 2
cfi=(74)
cfn=(1348)
calls=1 +6 
* 91
* 2
+4 2
cfi=(73)
cfn=(1350) _IO_file_close_it@@GLIBC_2.1
calls=1 163 
* 136
* 3

fl=(85) /build/buildd/eglibc-2.11.1/libio/iofopen.c
fn=(1050) __fopen_internal
68 5
cfi=(44)
cfn=(214)
calls=1 -19 
* 2
* 2
+8 2
cfi=(86)
cfn=(1058) malloc
calls=1 3615 
* 75187
cob=(1)
cfi=(57)
cfn=(390)
calls=1 -47 
* 841
* 1
+2 3
+3 2
+3 8
cfi=(74)
cfn=(1086)
calls=1 648 
* 73
+4 2
+1 2
cfi=(73)
cfn=(1090) _IO_file_init@@GLIBC_2.1
calls=1 +59 
* 109
+4 8
cfi=(73)
cfn=(1094) _IO_file_fopen@@GLIBC_2.1
calls=1 258 
* 174
* 2
+2 2
cfn=(1106) __fopen_maybe_mmap
calls=1 -52 
* 13
+5 5

fn=(1106)
43 5
cfi=(44)
cfn=(214)
calls=1 +6 
* 2
* 1
+2 2
+15 3

fl=(106) /build/buildd/eglibc-2.11.1/string/../sysdeps/i386/i686/multiarch/../mempcpy.S
fn=(1402) __GI_mempcpy
44 1
+1 1
+2 1
+2 1
+2 1
+2 1
+1 1
+1 1
+1 1
+1 1
+1 1
+1 1
+1 8
+2 1
+2 1
+5 1

fl=(96) /build/buildd/eglibc-2.11.1/string/../string/strstr.c
fn=(1102) __GI_strstr
53 6
+10 1
-10 1
cfi=(44)
cfn=(214)
calls=1 -4 
* 2
* 1
+10 3
+2 2
fi=(97) /build/buildd/eglibc-2.11.1/string/../string/str-two-way.h
273 1
fe=(96)
89 7
-26 3

fl=(98) /build/buildd/eglibc-2.11.1/libio/fileno.c
fn=(1184) fileno
34 4
cfi=(90)
cfn=(1066)
calls=1 +50 
* 2
* 1
+3 6
+7 2

fl=(86)
fn=(1076) _int_malloc
4249 15736
cfi=(44)
cfn=(214)
calls=2248 49 
* 4496
* 2248
+30 2248
-30 4496
+30 17984
+8 2248
-8 2248
+8 2248
+14 2240
-13 4480
+1 2240
-1 2240
+13 2240
-12 4480
+14 4480
+1 11778
+7 5889
+4 5889
4752 15715
4329 570
+1 281
+1 281
-1 281
+1 562
-1 281
+3 281
-2 281
+2 562
+1 12
+3 5
+1 10
+5 5
+1 5
+1 5
+2 5
-4 5
+4 10
+4 5
-1 5
+1 10
+19 30
+1 10
-1 2
+1 10
+1 6
cfn=(1078) malloc_consolidate
calls=3 5076 
* 984
+19 280
+93 280
4738 280
4484 840
-93 280
4738 280
4391 280
4738 280
4484 560
-77 280
4738 280
4407 560
-16 280
+66 16
-1 16
+2 64
-1 16
+1 64
-1 16
+46 48
+7 16
-7 16
+1 16
+6 16
-5 16
-1 16
+3 16
-1 16
+4 16
-7 9
+7 3
-7 3
+1 3
+6 3
-5 3
-1 3
+3 3
-1 3
+4 3
4391 1196
+3 57
-2 57
+1 114
+1 171
+3 57
+10 210
+30 22
+5 22
-5 22
+1 22
+4 22
+13 38
+6 30
+1 3
+1 3
-1 3
+4 6
+34 12
-91 96
-2 184
+8 35
-2 35
+3 35
-3 35
+1 35
+4 35
-3 70
+1 35
+1 70
+1 35
+2 7
+1 7
+3 14
+3 7
-3 49
+2 21
+5 7
-1 7
+1 21
-7 56
+3 28
-3 196
+2 84
+5 28
-1 28
+1 84
+88 484
+72 484
-1 242
+1 242
+2 242
-3 242
+2 242
+2 242
-2 242
+2 242
-2 242
+1 242
+1 484
+19 242
-14 242
+14 484
-14 1068
+12 136
-1 324
+3 350
+4 26
+3 52
+1 24
+2 12
-2 12
+1 12
-1 24
-22 12
+22 12
-22 952
+2 2724
+2 2720
+2 70
+94 228
+3 228
-3 228
+3 228
-2 684
+2 456
+33 3
4443 3
+1 3
-1 3
+1 6
+4 3
-1 3
+1 6
4752 21
4520 12
+3 12
4370 6
4627 42
+3 14
-3 14
+3 14
+2 28
+3 14
-3 14
+3 185
+3 28
+13 24
+1 24
-6 12
+11 12
-11 12
+17 12
-6 12
+1 12
+2 12
-1 12
+4 12
+1 24
+1 24
+2 3
+1 3
+2 24
+3 3
-3 3
+2 3
+1 3
-1 6
+5 3
-1 3
+1 6
-7 72
+3 9
-3 9
+2 9
+1 9
-1 18
+5 9
-1 9
+1 20
-1 2
+1 4
-38 2
+1 2
-1 2
+1 4
4335 2
cfn=(1078)
calls=1 5076 
* 671
* 1
+60 1
2990 2
+13 1
-13 1
+13 1
-13 1
+13 1
+81 2
+9 1
-9 1
+9 4
+10 3
+4 4
3418 4
+1 1
+4 2
+4 4
+2 1
+1 1
-1 1
+2 1
-1 1
+1 3
+1 1
-1 4
+1 1
-1 1
+1 1
+2 1
4747 7
-42 227
+1 227
-2 454
+2 681
-2 227
+2 681
+2 454
-2 227
-1 227
+6 227
-3 227
+4 227
-4 227
+4 681
3074 2
+95 2
+19 1
-19 1
+8 1
-8 1
+19 1
-19 1
+19 1
-19 2
+19 2
+8 1
-8 1
+8 1
+1 5
cfi=(93)
cfn=(1080)
calls=1 48 
* 101
+2 3
-2 1
+2 1
+2 2
+1 2
4748 2
3247 2
+1 1
+1 2
+6 1
-6 2
+6 1
+3 6
+40 5
+19 1
+3 2
+1 3
+2 2
+1 4
cfi=(93)
cfn=(1080)
calls=1 48 
* 38
+12 2
-12 1
+12 1
+5 2
+1 2
4748 1
3360 2
+1 5
+1 1
+11 2
-84 2

fn=(1078)
5076 24
cfi=(44)
cfn=(214)
calls=4 49 
* 8
* 12
+22 12
+1 3
+2 3
+19 3
-19 3
+17 3
+2 3
-2 6
+26 3
-24 3
+24 18
-19 6
+2 6
-2 54
+2 54
+17 13
-15 13
+15 26
+8 3
-1 3
+1 39
+4 13
+4 13
-4 13
+1 13
+1 13
+2 13
+1 1
+1 1
+3 3
+1 1
+1 1
+1 1
-2 1
+8 1
+3 2
-12 36
+1 12
+1 12
+1 12
-2 12
+8 12
+3 24
-41 13
-3 13
+3 26
+1 13
-4 13
+5 26
+2 13
-2 13
+2 13
+1 4
+2 4
-1 4
+2 52
+3 39
+1 39
+6 20
+26 144
5072 6
2480 3
-2 2
+2 378
-2 252
+6 3
+5 3
+2 1
5186 24
2488 3

fn=(1266)
3692 11994
cfi=(44)
cfn=(214)
calls=1999 49 
* 3998
* 3998
+5 3998
+1 3998
+5 3998
+3 1999
+3 5997
+15 5997
+12 11994
+2 3998
cfn=(1268) _int_free
calls=1999 4764 
* 104218
+1 7996
+2 9995

fn=(1268)
4764 15992
+15 1999
-15 1999
cfi=(44)
cfn=(214)
calls=1999 49 
* 3998
* 1999
+15 3998
+6 5997
-6 1999
+6 5997
+13 3998
+13 3998
+79 14
+21 28
+6 7
-10 7
+10 14
+8 21
+7 14
+1 7
-2 14
+2 14
+6 21
+4 14
+7 21
+2 21
+7 6
+8 12
+1 6
+1 12
-2 2
+1 1
+1 2
+7 7
-2 7
+1 7
+1 7
+2 4
+1 4
+2 4
+3 8
-2 4
+2 4
+1 4
+30 8
-34 3
+3 6
-2 3
+2 3
+1 3
+30 6
4823 1992
-1 3984
+2 1992
-2 1992
+2 3984
+27 5976
+3 1992
+1 3984
+20 1992
-21 1992
+21 3984
+6 1992
+1 3984
5055 11994
-99 16
+1 2
-38 42

fn=(1058)
3615 11240
cfi=(44)
cfn=(214)
calls=2248 49 
* 4496
* 6744
+5 4496
+1 4496
+3 4494
+33 17976
+3 6741
cfn=(1076)
calls=2247 4249 
* 149889
+1 2247
-1 2247
+1 2247
+20 8988
+1 20223
+3 15736
-63 5
cfi=(87)
cfn=(1060)
calls=1 35 
* 75159
* 2

fn=(1059)
3615 5
cfi=(44)
cfn=(214)
calls=1 49 
* 2
* 3
+5 2
+1 2
+3 2
+33 8
+3 3
cfn=(1076)
calls=1 4249 
* 1081
+1 1
-1 1
+1 1
+20 4
+1 9
+3 7

fl=(69) /build/buildd/eglibc-2.11.1/wctype/wctype_l.c
fn=(638) wctype_l
28 45
+3 27
cfi=(70)
cfn=(640)
calls=9 +16 
* 293
* 9
+3 54
+8 80
+1 80
-8 40
+2 120
cfi=(70)
cfn=(640)
calls=40 +10 
* 1352
* 27
cfi=(70)
cfn=(640)
calls=9 +10 
* 279
+2 98
-2 49
+2 342
+9 36
+1 45

fl=(95) /build/buildd/eglibc-2.11.1/misc/../sysdeps/unix/sysv/linux/i386/brk.c
fn=(1084) brk
36 10
cfi=(44)
cfn=(214)
calls=2 +13 
* 4
* 2
+5 8
cob=(1)
cfi=(1)
cfn=(912)
calls=2 -41 
* 4
* 2
+2 4
+2 6
+7 8

fl=(63) /build/buildd/eglibc-2.11.1/locale/uselocale.c
fn=(608) uselocale
31 12
cfi=(44)
cfn=(214)
calls=2 +18 
* 4
* 6
+3 2
-2 6
+2 2
+3 4
+29 2
-29 2
+1 2
+28 4
+1 6
+2 6
+4 4
+1 2
-1 2
+1 10

fl=(48)
fn=(222)
78 5
cfi=(44)
cfn=(214)
calls=1 -29 
* 2
* 2
+1 3
+13 5

fl=(71) /build/buildd/eglibc-2.11.1/setjmp/../sysdeps/i386/bsd-_setjmp.S
fn=(876) _setjmp
36 1
+1 1
+4 1
+1 1
+1 1
+1 1
+2 2
+2 1
+1 1
+2 2
+2 1
+2 1
+2 1
+1 1

fl=(64) /build/buildd/eglibc-2.11.1/wcsmbs/wctob.c
fn=(614) wctob
33 896
cfi=(44)
cfn=(214)
calls=128 +16 
* 256
* 256
+9 256
+5 128
+1 128
-1 128
+38 768

fl=(52)
fn=(236)
41 4
cfi=(44)
cfn=(214)
calls=1 +8 
* 2
* 1
-8 4
+1 3
+9 3

fl=(72) /build/buildd/eglibc-2.11.1/libio/iofwrite.c
fn=(898) fwrite
37 28
+1 14
-1 14
cfi=(44)
cfn=(214)
calls=7 +12 
* 14
* 21
+4 14
+2 119
+1 65
+1 7
cfi=(73)
cfn=(900) _IO_file_xsputn@@GLIBC_2.1
calls=1 1296 
* 383
-1 6
+1 42
cfi=(73)
cfn=(900)
calls=6 1296 
* 563
* 21
fi=(78)
984 14
+1 42
fe=(72)
51 14
+4 49
fi=(78)
985 6
fe=(72)
44 6
fi=(78)
985 6
fe=(72)
44 12
fi=(78)
985 49
fe=(72)

fl=(82) /build/buildd/eglibc-2.11.1/libio/iofflush.c
fn=(970) fflush
35 21
cfi=(44)
cfn=(214)
calls=3 +14 
* 6
* 6
+1 6
+6 45
+1 12
cfi=(73)
cfn=(972) _IO_file_sync@@GLIBC_2.1
calls=3 899 
* 492
* 6
fi=(78)
984 3
fe=(82)
43 3
fi=(78)
984 3
+1 33
fe=(82)
47 21

fl=(102)
fn=(1286)
39 1
+3 1
cfi=(44)
cfn=(214)
calls=1 +7 
* 2
+1 1
+1 1
+1 1
+2 1
+1 1
+1 1
+1 1
+1 1
+1 1
+2 1
+3 1

fl=(84) /build/buildd/eglibc-2.11.1/libio/iofopen64.c
fn=(1048) fopen64
37 4
+2 1
-2 1
cfi=(44)
cfn=(214)
calls=1 +12 
* 2
* 1
+2 5
cfi=(85)
cfn=(1050)
calls=1 +29 
* 76443
+5 4

fl=(81) /build/buildd/eglibc-2.11.1/libio/putc.c
fn=(954) putc
29 27
cfi=(44)
cfn=(214)
calls=3 +20 
* 6
* 3
+3 51
+1 24
fi=(78)
984 6
+1 33
fe=(81)
36 21

fl=(61) /build/buildd/eglibc-2.11.1/csu/libc-start.c
fn=(450) (below main)
96 6
cfi=(44)
cfn=(214)
calls=1 -47 
* 2
* 4
+10 4
+52 1
-52 1
+52 1
+1 4
cfi=(59)
cfn=(396)
calls=1 57 
* 104
+22 4
+3 2
+1 8
cob=(8)
cfi=(60)
cfn=(452) __libc_csu_init
calls=1 0 
* 105916
+4 4
+15 2
+9 3
cfi=(71)
cfn=(876)
calls=1 36 
* 16
+1 2
+5 2
+1 2
+3 2
+3 8
cob=(8)
cfi=(60)
cfn=(878) main
calls=1 0 
* 1798998
106 2

fl=(91) /build/buildd/eglibc-2.11.1/elf/dl-addr.c
fn=(1068) _dl_addr
127 7
cfi=(44)
cfn=(214)
calls=1 -78 
* 2
* 4
+5 4
cob=(1)
cfi=(2)
cfn=(1070)
calls=1 833 
* 6
+3 6
+1 5
+1 22
+1 2
-2 15
31 3
+1 2
+3 3
+5 1
+1 1
-1 2
+1 2
+2 3
+3 3
+5 12
+2 3
+19 1
-18 2
-1 3030
+19 1010
-18 2020
+2 7240
+16 2812
-9 1406
-7 1406
+6 1406
+1 1406
-1 1406
+1 905
-7 905
+6 905
+1 905
-1 10149
+3 9232
-3 2308
+3 2308
-3 3572
+3 632
-3 7882
+10 4622
-21 6065
+49 3
+1 2
+1 3
+3 2
+41 4
cob=(1)
cfi=(2)
cfn=(1072)
calls=1 839 
* 6
+3 7
-32 2
+1 3

fl=(92) /build/buildd/eglibc-2.11.1/nptl/../nptl/sysdeps/unix/sysv/linux/register-atfork.c
fn=(1074) __linkin_atfork
115 5
cfi=(44)
cfn=(214)
calls=1 -66 
* 2
* 2
+2 1
+2 4
-1 3
+2 3

fl=(73)
fn=(972)
899 21
cfi=(44)
cfn=(214)
calls=3 49 
* 6
* 3
+5 12
+2 3
+1 6
+17 9
+4 15
-23 30
cfn=(918) _IO_do_write@@GLIBC_2.1
calls=3 501 
* 378
* 9

fn=(976) _IO_file_write@@GLIBC_2.1
1269 3
+2 3
-2 12
+2 3
-2 6
+2 6
+11 3
-11 6
+2 6
+3 18
cfi=(83)
cfn=(978)
calls=3 82 
* 42
* 3
+1 6
+9 18
+3 15
-6 9

fn=(900)
1296 7
+6 7
-6 49
cfi=(44)
cfn=(214)
calls=7 49 
* 14
* 14
+6 14
+7 7
-12 7
+12 28
+17 42
+32 6
cfn=(902) _IO_file_overflow@@GLIBC_2.1
calls=1 837 
* 241
* 2
+7 3
+1 7
+2 3
+11 3
+1 7
cfi=(74)
cfn=(920)
calls=1 452 
* 74
* 2
-53 18
+3 36
+12 6
-8 27
+15 15
-1 10
+1 78
-1 52
+2 15
-2 5
+2 5
-2 5
+2 5
+2 15
+2 20
-2 3
+2 4
+28 14
+1 42
-46 5
cfi=(106)
cfn=(1402)
calls=1 44 
* 23
+5 1
-5 1
+5 2
-5 2

fn=(902)
837 9
cfi=(44)
cfn=(214)
calls=1 49 
* 2
* 1
+1 3
+7 2
+35 2
+13 6
-45 3
+12 3
+9 2
+4 1
+3 1
-5 1
+1 1
+4 1
-3 1
+1 3
+3 5
+5 1
-1 5
cfn=(918)
calls=1 501 
* 12
* 1
-31 3
cfi=(74)
cfn=(904)
calls=1 419 
* 165
+1 7

fn=(918)
501 20
+1 12
+2 16
-1 12
cfn=(974) new_do_write
calls=3 +10 
* 318
* 3
-1 9

fn=(1090)
148 7
cfi=(44)
cfn=(214)
calls=1 -99 
* 2
* 1
+5 1
-1 2
+3 2
cfi=(74)
cfn=(1092)
calls=1 -51 
* 88
+1 1
+1 5

fn=(1094)
258 6
+11 1
-11 1
cfi=(44)
cfn=(214)
calls=1 49 
* 2
* 2
411 1
269 2
423 7
271 3
-18 2
+43 11
+40 11
cfn=(1096) _IO_file_open
calls=1 225 
* 82
+5 1
-5 1
+5 1
+3 6
cfi=(96)
cfn=(1102)
calls=1 53 
* 27
+1 1
-1 1
+1 1
-74 4

fn=(1350)
163 1
+2 1
-2 7
cfi=(44)
cfn=(214)
calls=1 49 
* 2
* 1
+2 2
+3 5
+6 2
cfi=(74)
cfn=(1352)
calls=1 1116 
* 19
+2 4
cfn=(1354) _IO_file_close
calls=1 1257 
* 17
+4 3
+9 6
cfi=(74)
cfn=(916)
calls=1 404 
* 26
+1 3
+1 3
+2 2
cfi=(74)
cfn=(1348)
calls=1 64 
* 19
+5 1
-4 1
+1 1
+1 1
+2 1
-2 1
+2 1
+1 6

fn=(1354)
1257 2
+3 3
+1 1
-1 1
cfi=(83)
cfn=(1356)
calls=1 82 
* 10

fn=(974)
513 21
+2 3
-2 6
cfi=(44)
cfn=(214)
calls=3 49 
* 6
* 3
+2 6
+15 21
cfn=(976)
calls=3 1269 
* 159
* 3
+1 9
+5 3
-2 3
+2 3
-2 9
+1 6
+1 9
+4 21
-18 12
+9 6
+6 9

fn=(1096)
225 10
cfi=(44)
cfn=(214)
calls=1 49 
* 2
* 2
+3 1
-3 1
+3 1
+4 8
cfi=(83)
cfn=(1098)
calls=1 82 
* 14
* 1
+4 2
+3 2
-1 1
+1 4
+1 4
+7 2
cfi=(74)
cfn=(1092)
calls=1 104 
* 20
+2 7

fn=(908) _IO_file_stat
1233 3
+2 7
cfi=(76)
cfn=(910)
calls=1 46 
* 20
+4 2

fn=(1360)
206 7
cfi=(44)
cfn=(214)
calls=1 49 
* 2
* 1
+1 2
+6 3
cfi=(74)
cfn=(1362)
calls=1 687 
* 45
+1 5

fl=(49)
fn=(228) handle_intel
256 21
cfi=(44)
cfn=(214)
calls=3 49 
* 6
* 3
+1 3
-1 3
+1 6
+7 6
+1 9
+8 15
+5 3
-5 9
+5 3
+7 18
cfn=(230) intel_check_word
calls=3 163 
* 2961
+1 6
+3 18
cfn=(230)
calls=3 163 
* 2184
+1 6
+3 15
cfn=(230)
calls=3 163 
* 66
+1 6
+3 15
cfn=(230)
calls=3 163 
* 1973
+1 6
-31 3
+13 3
+1 3
-1 6
+22 8
+5 18

fn=(234)
145 392
+7 1176
+3 378
+1 392

fn=(224)
487 5
cfi=(44)
cfn=(214)
calls=1 49 
* 2
* 3
+13 3
673 6
501 1
cfi=(50)
cfn=(226)
calls=1 44 
* 57
* 1
+6 2
+2 3
cfn=(228)
calls=1 256 
* 2665
+4 1
-4 1
+4 2
cfn=(228)
calls=1 256 
* 2680
+2 2
-2 1
+2 1
+11 2
+18 5
+7 10
+6 2
-6 12
+6 4
+3 15
+2 2
+6 7
+11 2
+27 2
+56 3
+2 3
+1 2
+3 2
+2 3
+1 2
-64 5
-88 3
cfn=(228)
calls=1 256 
* 2057
* 3

fn=(230)
163 96
cfi=(44)
cfn=(214)
calls=12 49 
* 24
* 12
+1 12
-1 12
+1 12
+8 12
-2 45
+52 9
-52 9
+52 18
-52 9
+52 18
-52 9
+52 18
-36 66
+9 2
-1 1
+27 1
+1 9
cfi=(51)
cfn=(232)
calls=1 27 
* 186
-1 29
+1 261
cfi=(51)
cfn=(232)
calls=29 27 
* 5914
+2 60
+2 28
+14 10
+6 28
-74 56
+2 60
+2 60
-4 10
+79 60
-10 6
-13 4
+2 4
+2 2
+19 12

fl=(94)
fn=(1082)
35 10
cfi=(44)
cfn=(214)
calls=2 +14 
* 4
* 8
+8 11
+4 4
+4 4
+3 3
cfi=(95)
cfn=(1084)
calls=1 -18 
* 24
-3 3
+7 14
-14 3
cfi=(95)
cfn=(1084)
calls=1 -8 
* 24
* 5

fl=(104) /build/buildd/eglibc-2.11.1/csu/errno-loc.c
fn=(1340) __errno_location
34 1
cfi=(90)
cfn=(1066)
calls=1 +50 
* 2
* 3
+2 1
-2 2
+2 1

fl=(75)
fn=(906)
88 8
cfi=(44)
cfn=(214)
calls=1 -39 
* 2
* 1
+15 9
cfi=(73)
cfn=(908)
calls=1 1233 
* 32
* 2
+2 4
+11 3
+1 3
+3 7
cfi=(77)
cfn=(914)
calls=1 -85 
* 25
* 3
+1 6
cfi=(74)
cfn=(916)
calls=1 404 
* 26
* 1
+2 7

fl=(88)
fn=(1062)
467 6
cfi=(44)
cfn=(214)
calls=1 49 
* 2
* 2
+8 3
+1 1
+35 1
410 1
+2 1
+1 1
+1 1
+1 1
cfi=(89)
cfn=(1064)
calls=1 28 
* 13
519 1
-9 1
+1 1
+8 1
415 1
519 1
+8 1
-2 1
+3 1
-1 1
+1 12
cfi=(92)
cfn=(1074)
calls=1 115 
* 20
+11 2
+2 4
+54 1
-54 1
+56 1
-2 1
-20 1
+22 1
-37 1
+15 1
-15 2
382 70
+16 35
-18 108
622 2
+5 2
+1 2
+2 1
+1 6
521 5
cfi=(91)
cfn=(1068)
calls=1 127 
* 73675
* 1
-2 2
+2 4
382 5

ob=(5)
fl=(53)
fn=(252)
0 5
cfn=(244) 0x00002427
calls=1 0 
0 2
0 8

fn=(244)
0 4

fn=(242)
0 4
cfn=(244)
calls=1 0 
0 2
0 9

ob=(6)
fl=(54)
fn=(274)
0 5
cfi=(55) /build/buildd/eglibc-2.11.1/math/../sysdeps/i386/fpu/s_cbrt.S
cfn=(266) 0x00003517
calls=1 94 
0 2
0 8

fn=(264)
0 4
cfi=(55)
cfn=(266)
calls=1 94 
0 2
0 9

fl=(55)
fn=(266)
94 4

ob=(7)
fl=(56)
fn=(296)
0 5
cfn=(288) 0x000472e7
calls=1 0 
0 2
0 8
cfn=(302) 0x000bb8f0
calls=1 0 
0 21
0 16
cfn=(410) 0x000492f0
calls=1 0 
0 68
cfn=(408) 0x0004cd80
calls=1 0 
0 4
cfn=(406) 0x00050f70
calls=1 0 
0 4
cfn=(380) 0x00060590
calls=1 0 
0 1753
cfn=(352) 0x00076420
calls=1 0 
0 56
cfn=(324) 0x0009dbe0
calls=1 0 
0 56
cfn=(322) 0x000b56b0
calls=1 0 
0 4
cfn=(314) 0x000bafc0
calls=1 0 
0 89
0 31

fn=(314)
0 1
cfn=(316) 0x0004a1b4
calls=1 0 
0 2
0 86

fn=(520) 0x00056b60
0 4
cfn=(288)
calls=1 0 
0 2
0 8
cfn=(528) std::locale::facet::_S_create_c_locale(__locale_struct*&, char const*, __locale_struct*)
calls=1 0 
0 1553
cob=(1)
cfi=(57)
cfn=(390)
calls=1 29 
0 1197
0 4

fn=(542) std::locale::_Impl::_M_install_facet(std::locale::id const*, std::locale::facet const*)
0 224
cfn=(288)
calls=28 0 
0 56
0 196
cfn=(548) std::locale::id::_M_id() const
calls=28 0 
0 672
cob=(1)
cfi=(57)
cfn=(390)
calls=1 29 
0 845
0 7168

fn=(596) std::ctype<wchar_t>::ctype(unsigned int)
0 6
cfn=(288)
calls=1 0 
0 2
0 10
cfn=(518) std::locale::facet::_S_get_c_locale()
calls=1 0 
0 18
0 4
cfn=(602) std::ctype<wchar_t>::_M_initialize_ctype()
calls=1 0 
0 28902
cob=(1)
cfi=(57)
cfn=(390)
calls=1 29 
0 946
0 5

fn=(602)
0 9
cfn=(288)
calls=1 0 
0 2
0 4
cob=(4)
cfi=(63)
cfn=(608)
calls=1 31 
0 38
cob=(1)
cfi=(57)
cfn=(390)
calls=1 29 
0 1490
0 770
cob=(4)
cfi=(64)
cfn=(614)
calls=128 33 
0 2816
cob=(1)
cfi=(57)
cfn=(390)
calls=1 29 
0 1424
0 260
cob=(4)
cfi=(65)
cfn=(620)
calls=1 35 
0 25
cob=(1)
cfi=(57)
cfn=(390)
calls=1 29 
0 1377
0 510
cob=(4)
cfi=(65)
cfn=(620)
calls=255 35 
0 13159
0 1099
cfn=(632) std::ctype<wchar_t>::_M_convert_to_wmask(unsigned short) const
calls=8 0 
0 3484
cob=(1)
cfi=(57)
cfn=(390)
calls=1 29 
0 955
0 24
cfn=(632)
calls=4 0 
0 1307
0 103
cob=(4)
cfi=(63)
cfn=(608)
calls=1 31 
0 38
0 8

fn=(710) __cxa_guard_release
0 4
cfn=(288)
calls=1 0 
0 2
0 13

fn=(782) __cxxabiv1::__si_class_type_info::__do_dyncast(int, __cxxabiv1::__class_type_info::__sub_kind, __cxxabiv1::__class_type_info const*, void const*, __cxxabiv1::__class_type_info const*, void const*, __cxxabiv1::__class_type_info::__dyncast_result&) const
0 1500

fn=(836) std::num_put<wchar_t, std::ostreambuf_iterator<wchar_t, std::char_traits<wchar_t> > > const& std::use_facet<std::num_put<wchar_t, std::ostreambuf_iterator<wchar_t, std::char_traits<wchar_t> > > >(std::locale const&)
0 16
cfn=(288)
calls=4 0 
0 8
0 20
cfn=(548)
calls=4 0 
0 60
0 60
cfn=(766) __dynamic_cast
calls=4 0 
0 292
0 24

fn=(940) std::ctype<char>::do_widen(char) const
0 5

fn=(964) __gnu_cxx::stdio_sync_filebuf<char, std::char_traits<char> >::sync()
0 18
cfn=(288)
calls=3 0 
0 6
0 12
cob=(4)
cfi=(82)
cfn=(970)
calls=3 35 
0 657
cob=(1)
cfi=(57)
cfn=(390)
calls=1 29 
0 1431
0 12

fn=(998) std::basic_filebuf<char, std::char_traits<char> >::basic_filebuf()
0 6
cfn=(288)
calls=1 0 
0 2
0 15
cfn=(482) std::locale::locale()
calls=1 0 
0 71
0 34
cfn=(1004) std::__basic_file<char>::__basic_file(pthread_mutex_t*)
calls=1 0 
0 7
cob=(1)
cfi=(57)
cfn=(390)
calls=1 29 
0 1008
0 23
cfn=(1010) bool std::has_facet<std::codecvt<char, char, __mbstate_t> >(std::locale const&)
calls=1 0 
0 120
cob=(1)
cfi=(57)
cfn=(390)
calls=1 29 
0 1115
0 4
cfn=(1016) std::codecvt<char, char, __mbstate_t> const& std::use_facet<std::codecvt<char, char, __mbstate_t> >(std::locale const&)
calls=1 0 
0 120
cob=(1)
cfi=(57)
cfn=(390)
calls=1 29 
0 1150
0 7

fn=(1022) std::basic_filebuf<char, std::char_traits<char> >::open(char const*, std::_Ios_Openmode)
0 5
cfn=(288)
calls=1 0 
0 2
0 7
cfn=(1028) std::__basic_file<char>::is_open() const
calls=1 0 
0 8
cob=(1)
cfi=(57)
cfn=(390)
calls=1 29 
0 918
0 15
cfn=(1034) std::__basic_file<char>::open(char const*, std::_Ios_Openmode, int)
calls=1 0 
0 77929
cob=(1)
cfi=(57)
cfn=(390)
calls=1 29 
0 1062
0 2
cfn=(1112) std::basic_filebuf<char, std::char_traits<char> >::is_open() const
calls=1 0 
0 24
cob=(1)
cfi=(57)
cfn=(390)
calls=1 29 
0 1096
0 4
cfn=(1118) std::basic_filebuf<char, std::char_traits<char> >::_M_allocate_internal_buffer()
calls=1 0 
0 2978
cob=(1)
cfi=(57)
cfn=(390)
calls=1 29 
0 1276
0 7
cfn=(1140) std::basic_filebuf<char, std::char_traits<char> >::_M_set_buffer(int)
calls=1 0 
0 26
cob=(1)
cfi=(57)
cfn=(390)
calls=1 29 
0 1142
0 10

fn=(1164) std::basic_filebuf<char, std::char_traits<char> >::underflow()
0 8
cfn=(288)
calls=1 0 
0 2
0 29
cfn=(1166) std::codecvt<char, char, __mbstate_t>::do_always_noconv() const
calls=1 0 
0 5
0 9
cfn=(1172) std::__basic_file<char>::xsgetn(char*, int)
calls=1 0 
0 3709
cob=(1)
cfi=(57)
cfn=(390)
calls=1 29 
0 958
0 8
cfn=(1140)
calls=1 0 
0 27
0 7

fn=(1254) std::string::_Rep::_M_destroy(std::allocator<char> const&)
0 3472
cfn=(288)
calls=868 0 
0 1736
0 4340
cfn=(1260) operator delete(void*)
calls=868 0 
0 95974
cob=(1)
cfi=(57)
cfn=(390)
calls=1 29 
0 675
0 3472

fn=(1414) std::ostream& std::ostream::_M_insert<long>(long)
0 18
cfn=(288)
calls=3 0 
0 6
0 24
cfn=(890) std::ostream::sentry::sentry(std::ostream&)
calls=3 0 
0 90
0 81
cfn=(1416) std::num_put<char, std::ostreambuf_iterator<char, std::char_traits<char> > >::do_put(std::ostreambuf_iterator<char, std::char_traits<char> >, std::ios_base&, char, long) const
calls=2 0 
0 754
0 22
cfn=(1416)
calls=1 0 
0 1896
0 61

fn=(288)
0 30236

fn=(590) std::messages<char>::messages(unsigned int)
0 6
cfn=(288)
calls=1 0 
0 2
0 10
cfn=(518)
calls=1 0 
0 18
0 2
cfn=(506) std::locale::facet::_S_get_c_name()
calls=1 0 
0 9
0 6

fn=(670) std::__timepunct<wchar_t>::__timepunct(std::__timepunct_cache<wchar_t>*, unsigned int)
0 6
cfn=(288)
calls=1 0 
0 2
0 13
cfn=(506)
calls=1 0 
0 9
0 4
cfn=(676) std::__timepunct<wchar_t>::_M_initialize_timepunct(__locale_struct*)
calls=1 0 
0 131
cob=(1)
cfi=(57)
cfn=(390)
calls=1 29 
0 1198
0 5

fn=(724) std::ios_base::ios_base()
0 36
cfn=(288)
calls=9 0 
0 18
0 558
cfn=(482)
calls=9 0 
0 639
0 36

fn=(824) std::ctype<wchar_t> const& std::use_facet<std::ctype<wchar_t> >(std::locale const&)
0 16
cfn=(288)
calls=4 0 
0 8
0 20
cfn=(548)
calls=4 0 
0 60
0 60
cfn=(766)
calls=4 0 
0 292
0 24

fn=(1328) operator delete[](void*)
0 4
cfn=(288)
calls=1 0 
0 2
0 5
cfn=(1260)
calls=1 0 
0 146
0 4

fn=(322)
0 4

fn=(408)
0 4

fn=(518)
0 4390
cfn=(288)
calls=878 0 
0 1756
0 9654
cfn=(520)
calls=1 0 
0 2768
0 6

fn=(548)
0 4845
cfn=(288)
calls=969 0 
0 1938
0 8004

fn=(688) 0x00057e00
0 130
cfn=(288)
calls=26 0 
0 52
0 419
cfn=(698) __cxa_guard_acquire
calls=1 0 
0 30
cob=(1)
cfi=(57)
cfn=(390)
calls=1 29 
0 801
0 7
cfn=(710)
calls=1 0 
0 19
cob=(1)
cfi=(57)
cfn=(390)
calls=1 29 
0 777
0 1

fn=(812) std::basic_ios<wchar_t, std::char_traits<wchar_t> >::_M_cache_locale(std::locale const&)
0 20
cfn=(288)
calls=4 0 
0 8
0 28
cfn=(818) bool std::has_facet<std::ctype<wchar_t> >(std::locale const&)
calls=4 0 
0 480
cob=(1)
cfi=(57)
cfn=(390)
calls=1 29 
0 971
0 16
cfn=(824)
calls=4 0 
0 480
cob=(1)
cfi=(57)
cfn=(390)
calls=1 29 
0 990
0 12
cfn=(830) bool std::has_facet<std::num_put<wchar_t, std::ostreambuf_iterator<wchar_t, std::char_traits<wchar_t> > > >(std::locale const&)
calls=4 0 
0 480
cob=(1)
cfi=(57)
cfn=(390)
calls=1 29 
0 1385
0 16
cfn=(836)
calls=4 0 
0 480
cob=(1)
cfi=(57)
cfn=(390)
calls=1 29 
0 1428
0 12
cfn=(842) bool std::has_facet<std::num_get<wchar_t, std::istreambuf_iterator<wchar_t, std::char_traits<wchar_t> > > >(std::locale const&)
calls=4 0 
0 480
cob=(1)
cfi=(57)
cfn=(390)
calls=1 29 
0 1401
0 16
cfn=(848) std::num_get<wchar_t, std::istreambuf_iterator<wchar_t, std::char_traits<wchar_t> > > const& std::use_facet<std::num_get<wchar_t, std::istreambuf_iterator<wchar_t, std::char_traits<wchar_t> > > >(std::locale const&)
calls=4 0 
0 480
cob=(1)
cfi=(57)
cfn=(390)
calls=1 29 
0 1436
0 28

fn=(818)
0 16
cfn=(288)
calls=4 0 
0 8
0 20
cfn=(548)
calls=4 0 
0 60
0 60
cfn=(766)
calls=4 0 
0 292
0 24

fn=(848)
0 16
cfn=(288)
calls=4 0 
0 8
0 20
cfn=(548)
calls=4 0 
0 60
0 60
cfn=(766)
calls=4 0 
0 292
0 24

fn=(1140)
0 53

fn=(1260)
0 11988
cfn=(288)
calls=1998 0 
0 3996
0 9990
cob=(4)
cfi=(86)
cfn=(1266)
calls=1998 3692 
0 184032
cob=(1)
cfi=(57)
cfn=(390)
calls=1 29 
0 1362
0 7992

fn=(1310) std::basic_filebuf<char, std::char_traits<char> >::close()
0 5
cfn=(288)
calls=1 0 
0 2
0 7
cfn=(1028)
calls=1 0 
0 8
0 11
cfn=(1316) std::basic_filebuf<char, std::char_traits<char> >::_M_terminate_output()
calls=1 0 
0 31
cob=(1)
cfi=(57)
cfn=(390)
calls=1 29 
0 1212
0 6
cfn=(1322) std::basic_filebuf<char, std::char_traits<char> >::_M_destroy_internal_buffer()
calls=1 0 
0 859
cob=(1)
cfi=(57)
cfn=(390)
calls=1 29 
0 1259
0 17
cfn=(1334) std::__basic_file<char>::close()
calls=1 0 
0 4504
cob=(1)
cfi=(57)
cfn=(390)
calls=1 29 
0 899
0 4

fn=(512) std::ctype<char>::ctype(unsigned short const*, bool, unsigned int)
0 6
cfn=(288)
calls=1 0 
0 2
0 14
cfn=(518)
calls=1 0 
0 2788
cob=(1)
cfi=(57)
cfn=(390)
calls=1 29 
0 976
0 158

fn=(646) std::codecvt<wchar_t, char, __mbstate_t>::codecvt(unsigned int)
0 6
cfn=(288)
calls=1 0 
0 2
0 10
cfn=(518)
calls=1 0 
0 18
0 6

fn=(652) std::numpunct<wchar_t>::_M_initialize_numpunct(__locale_struct*)
0 8
cfn=(288)
calls=1 0 
0 2
0 345

fn=(664) std::moneypunct<wchar_t, true>::_M_initialize_moneypunct(__locale_struct*, char const*)
0 8
cfn=(288)
calls=1 0 
0 2
0 93

fn=(676)
0 7
cfn=(288)
calls=1 0 
0 2
0 8
cfn=(518)
calls=1 0 
0 18
0 96

fn=(736) std::ios_base::_M_init()
0 50
cfn=(288)
calls=10 0 
0 20
0 110
cfn=(482)
calls=10 0 
0 710
0 30
cfn=(742) std::locale::operator=(std::locale const&)
calls=10 0 
0 320
cob=(1)
cfi=(57)
cfn=(390)
calls=1 29 
0 800
0 20
cfn=(748) std::locale::~locale()
calls=10 0 
0 250
cob=(1)
cfi=(57)
cfn=(390)
calls=1 29 
0 773
0 60

fn=(748)
0 72
cfn=(288)
calls=12 0 
0 24
0 204

fn=(928) std::ctype<char>::_M_widen_init() const
0 1044
cfn=(930) std::ctype<char>::do_widen(char const*, char const*, char*) const
calls=1 0 
0 1569
0 269

fn=(1004)
0 7

fn=(1034)
0 6
cfn=(288)
calls=1 0 
0 2
0 5
cfn=(1036) 0x000ba440
calls=1 0 
0 15
0 5
cfn=(1028)
calls=1 0 
0 8
0 6
cob=(4)
cfi=(84)
cfn=(1048)
calls=1 37 
0 76461
cob=(1)
cfi=(57)
cfn=(390)
calls=1 29 
0 1409
0 12

fn=(1166)
0 5

fn=(1232) void std::__convert_to_v<double>(char const*, double&, std::_Ios_Iostate&, __locale_struct* const&)
0 9548
cfn=(288)
calls=868 0 
0 1736
0 6076
cob=(4)
cfi=(99)
cfn=(1238)
calls=868 1600 
0 341186
cob=(1)
cfi=(57)
cfn=(390)
calls=1 29 
0 1482
0 24304

fn=(482)
0 130
cfn=(288)
calls=26 0 
0 52
0 156
cfn=(484) 0x0005a0b0
calls=26 0 
0 66310
0 26
cfn=(688)
calls=26 0 
0 2236
0 390

fn=(554) std::codecvt<char, char, __mbstate_t>::codecvt(unsigned int)
0 6
cfn=(288)
calls=1 0 
0 2
0 10
cfn=(518)
calls=1 0 
0 18
0 6

fn=(754) std::basic_ios<char, std::char_traits<char> >::_M_cache_locale(std::locale const&)
0 30
cfn=(288)
calls=6 0 
0 12
0 42
cfn=(760) bool std::has_facet<std::ctype<char> >(std::locale const&)
calls=6 0 
0 1568
cob=(1)
cfi=(57)
cfn=(390)
calls=1 29 
0 987
0 24
cfn=(774) std::ctype<char> const& std::use_facet<std::ctype<char> >(std::locale const&)
calls=6 0 
0 798
cob=(1)
cfi=(57)
cfn=(390)
calls=1 29 
0 1036
0 18
cfn=(780) bool std::has_facet<std::num_put<char, std::ostreambuf_iterator<char, std::char_traits<char> > > >(std::locale const&)
calls=6 0 
0 720
cob=(1)
cfi=(57)
cfn=(390)
calls=1 29 
0 1401
0 24
cfn=(788) std::num_put<char, std::ostreambuf_iterator<char, std::char_traits<char> > > const& std::use_facet<std::num_put<char, std::ostreambuf_iterator<char, std::char_traits<char> > > >(std::locale const&)
calls=6 0 
0 720
cob=(1)
cfi=(57)
cfn=(390)
calls=1 29 
0 1404
0 18
cfn=(794) bool std::has_facet<std::num_get<char, std::istreambuf_iterator<char, std::char_traits<char> > > >(std::locale const&)
calls=6 0 
0 720
cob=(1)
cfi=(57)
cfn=(390)
calls=1 29 
0 1377
0 24
cfn=(800) std::num_get<char, std::istreambuf_iterator<char, std::char_traits<char> > > const& std::use_facet<std::num_get<char, std::istreambuf_iterator<char, std::char_traits<char> > > >(std::locale const&)
calls=6 0 
0 720
cob=(1)
cfi=(57)
cfn=(390)
calls=1 29 
0 1420
0 42

fn=(768) __cxxabiv1::__vmi_class_type_info::__do_dyncast(int, __cxxabiv1::__class_type_info::__sub_kind, __cxxabiv1::__class_type_info const*, void const*, __cxxabiv1::__class_type_info const*, void const*, __cxxabiv1::__class_type_info::__dyncast_result&) const
0 516

fn=(794)
0 24
cfn=(288)
calls=6 0 
0 12
0 30
cfn=(548)
calls=6 0 
0 90
0 90
cfn=(766)
calls=6 0 
0 438
0 36

fn=(930)
0 8
cfn=(288)
calls=1 0 
0 2
0 8
cob=(4)
cfi=(80)
cfn=(938)
calls=1 121 
0 134
cob=(1)
cfi=(57)
cfn=(390)
calls=1 29 
0 1411
0 6

fn=(948) __gnu_cxx::stdio_sync_filebuf<char, std::char_traits<char> >::overflow(int)
0 18
cfn=(288)
calls=3 0 
0 6
0 24
cob=(4)
cfi=(81)
cfn=(954)
calls=3 29 
0 171
cob=(1)
cfi=(57)
cfn=(390)
calls=1 29 
0 1393
0 12

fn=(1016)
0 4
cfn=(288)
calls=1 0 
0 2
0 5
cfn=(548)
calls=1 0 
0 15
0 15
cfn=(766)
calls=1 0 
0 73
0 6

fn=(1156) std::istream& std::istream::_M_extract<double>(double&)
0 5208
cfn=(288)
calls=868 0 
0 1736
0 6944
cfn=(1162) std::istream::sentry::sentry(std::istream&, bool)
calls=868 0 
0 71588
cob=(1)
cfi=(57)
cfn=(390)
calls=1 29 
0 807
0 24304
cfn=(1194) std::num_get<char, std::istreambuf_iterator<char, std::char_traits<char> > >::do_get(std::istreambuf_iterator<char, std::char_traits<char> >, std::istreambuf_iterator<char, std::char_traits<char> >, std::ios_base&, std::_Ios_Iostate&, double&) const
calls=868 0 
0 998524
0 9548

fn=(1162)
0 9548
cfn=(288)
calls=868 0 
0 1736
0 55537
cfn=(1164)
calls=1 0 
0 4762
0 5

fn=(1206) std::string::_Rep::_M_clone(std::allocator<char> const&, unsigned int)
0 10416
cfn=(288)
calls=868 0 
0 1736
0 4340
cfn=(1212) std::string::_Rep::_S_create(unsigned int, unsigned int, std::allocator<char> const&)
calls=868 0 
0 136380
cob=(1)
cfi=(57)
cfn=(390)
calls=1 29 
0 890
0 13020

fn=(1316)
0 11
cfn=(288)
calls=1 0 
0 2
0 18

fn=(1394) std::ios_base::_M_dispose_callbacks()
0 8
cfn=(288)
calls=1 0 
0 2
0 12

fn=(380)
0 5
cfn=(288)
calls=1 0 
0 2
0 11
cob=(4)
cfi=(59)
cfn=(396)
calls=1 57 
0 106
cob=(1)
cfi=(57)
cfn=(390)
calls=1 29 
0 1512
0 8
cob=(4)
cfi=(59)
cfn=(396)
calls=1 57 
0 104
0 5

fn=(632)
0 72
cfn=(288)
calls=12 0 
0 24
0 171
cob=(4)
cfi=(69)
cfn=(638)
calls=1 28 
0 206
0 23
cob=(4)
cfi=(69)
cfn=(638)
calls=1 28 
0 627
0 6
cob=(4)
cfi=(69)
cfn=(638)
calls=1 28 
0 412
0 6
cob=(4)
cfi=(69)
cfn=(638)
calls=1 28 
0 155
0 6
cob=(4)
cfi=(69)
cfn=(638)
calls=1 28 
0 353
0 6
cob=(4)
cfi=(69)
cfn=(638)
calls=1 28 
0 291
0 6
cob=(4)
cfi=(69)
cfn=(638)
calls=1 28 
0 569
0 6
cob=(4)
cfi=(69)
cfn=(638)
calls=1 28 
0 106
cob=(1)
cfi=(57)
cfn=(390)
calls=1 29 
0 1482
0 6
cob=(4)
cfi=(69)
cfn=(638)
calls=1 28 
0 257
0 1

fn=(658) std::moneypunct<wchar_t, false>::_M_initialize_moneypunct(__locale_struct*, char const*)
0 8
cfn=(288)
calls=1 0 
0 2
0 93

fn=(730) std::basic_ios<char, std::char_traits<char> >::init(std::basic_streambuf<char, std::char_traits<char> >*)
0 30
cfn=(288)
calls=6 0 
0 12
0 42
cfn=(736)
calls=6 0 
0 2515
cob=(1)
cfi=(57)
cfn=(390)
calls=1 29 
0 845
0 24
cfn=(754)
calls=6 0 
0 13105
cob=(1)
cfi=(57)
cfn=(390)
calls=1 29 
0 1229
0 90

fn=(780)
0 24
cfn=(288)
calls=6 0 
0 12
0 30
cfn=(548)
calls=6 0 
0 90
0 90
cfn=(766)
calls=6 0 
0 438
0 36

fn=(800)
0 24
cfn=(288)
calls=6 0 
0 12
0 30
cfn=(548)
calls=6 0 
0 90
0 90
cfn=(766)
calls=6 0 
0 438
0 36

fn=(806) std::basic_ios<wchar_t, std::char_traits<wchar_t> >::init(std::basic_streambuf<wchar_t, std::char_traits<wchar_t> >*)
0 20
cfn=(288)
calls=4 0 
0 8
0 28
cfn=(736)
calls=4 0 
0 628
0 16
cfn=(812)
calls=4 0 
0 10647
cob=(1)
cfi=(57)
cfn=(390)
calls=1 29 
0 1229
0 60

fn=(830)
0 16
cfn=(288)
calls=4 0 
0 8
0 20
cfn=(548)
calls=4 0 
0 60
0 60
cfn=(766)
calls=4 0 
0 292
0 24

fn=(962) std::ostream::flush()
0 21
cfn=(288)
calls=3 0 
0 6
0 27
cfn=(964)
calls=3 0 
0 2136
0 24

fn=(1036)
0 3
cfn=(316)
calls=1 0 
0 2
0 10

fn=(1112)
0 4
cfn=(288)
calls=1 0 
0 2
0 6
cfn=(1028)
calls=1 0 
0 8
0 4

fn=(1146) std::basic_ios<char, std::char_traits<char> >::clear(std::_Ios_Iostate)
0 6
cfn=(288)
calls=1 0 
0 2
0 12

fn=(1218) std::num_get<char, std::istreambuf_iterator<char, std::char_traits<char> > >::_M_extract_float(std::istreambuf_iterator<char, std::char_traits<char> >, std::istreambuf_iterator<char, std::char_traits<char> >, std::ios_base&, std::_Ios_Iostate&, std::string&) const
0 6944
cfn=(288)
calls=868 0 
0 1736
0 6076
cfn=(1220) 0x0007bb80
calls=868 0 
0 36456
0 147312

fn=(1416)
0 21
cfn=(288)
calls=3 0 
0 6
0 45
cfn=(1422) std::ostreambuf_iterator<char, std::char_traits<char> > std::num_put<char, std::ostreambuf_iterator<char, std::char_traits<char> > >::_M_insert_int<long>(std::ostreambuf_iterator<char, std::char_traits<char> >, std::ios_base&, char, long) const
calls=3 0 
0 1036
cob=(1)
cfi=(57)
cfn=(390)
calls=1 29 
0 1521
0 21

fn=(286)
0 4
cfn=(288)
calls=1 0 
0 2
0 9

fn=(316)
0 18

fn=(410)
0 4
cfn=(288)
calls=1 0 
0 2
0 62

fn=(698)
0 8
cfn=(288)
calls=1 0 
0 2
0 20

fn=(774)
0 24
cfn=(288)
calls=6 0 
0 12
0 30
cfn=(548)
calls=6 0 
0 90
0 90
cfn=(766)
calls=6 0 
0 516
0 36

fn=(884) std::basic_ostream<char, std::char_traits<char> >& std::__ostream_insert<char, std::char_traits<char> >(std::basic_ostream<char, std::char_traits<char> >&, char const*, int)
0 24
cfn=(288)
calls=4 0 
0 8
0 32
cfn=(890)
calls=4 0 
0 120
cob=(1)
cfi=(57)
cfn=(390)
calls=1 29 
0 790
0 144
cfn=(892) __gnu_cxx::stdio_sync_filebuf<char, std::char_traits<char> >::xsputn(char const*, int)
calls=4 0 
0 2536
0 12

fn=(890)
0 90
cfn=(288)
calls=10 0 
0 20
0 190

fn=(1010)
0 4
cfn=(288)
calls=1 0 
0 2
0 5
cfn=(548)
calls=1 0 
0 15
0 15
cfn=(766)
calls=1 0 
0 73
0 6

fn=(1124) operator new[](unsigned int)
0 4
cfn=(288)
calls=1 0 
0 2
0 5
cfn=(1130) operator new(unsigned int)
calls=1 0 
0 1613
cob=(1)
cfi=(57)
cfn=(390)
calls=1 29 
0 666
0 4

fn=(1200) std::string::reserve(unsigned int)
0 7812
cfn=(288)
calls=868 0 
0 1736
0 13020
cfn=(1206)
calls=868 0 
0 166782
cob=(1)
cfi=(57)
cfn=(390)
calls=1 29 
0 904
0 9548

fn=(1372) std::__basic_file<char>::~__basic_file()
0 4
cfn=(288)
calls=1 0 
0 2
0 5
cfn=(1334)
calls=1 0 
0 31
0 4

fn=(484)
0 104
cfn=(288)
calls=26 0 
0 52
0 335
cfn=(492) 0x0005a060
calls=1 0 
0 65815
0 4

fn=(492)
0 5
cfn=(288)
calls=1 0 
0 2
0 6
cfn=(500) std::locale::_Impl::_Impl(unsigned int)
calls=1 0 
0 64966
cob=(1)
cfi=(57)
cfn=(390)
calls=1 29 
0 827
0 9

fn=(500)
0 7
cfn=(288)
calls=1 0 
0 2
0 212
cfn=(506)
calls=1 0 
0 9
cob=(1)
cfi=(57)
cfn=(390)
calls=1 29 
0 942
0 56
cfn=(512)
calls=1 0 
0 3944
cob=(1)
cfi=(57)
cfn=(390)
calls=1 29 
0 811
0 5
cfn=(542)
calls=1 0 
0 1142
cob=(1)
cfi=(57)
cfn=(390)
calls=1 29 
0 1135
0 4
cfn=(554)
calls=1 0 
0 42
cob=(1)
cfi=(57)
cfn=(390)
calls=1 29 
0 943
0 5
cfn=(542)
calls=1 0 
0 297
0 27
cfn=(560) std::numpunct<char>::_M_initialize_numpunct(__locale_struct*)
calls=1 0 
0 419
cob=(1)
cfi=(57)
cfn=(390)
calls=1 29 
0 1161
0 5
cfn=(542)
calls=1 0 
0 297
0 10
cfn=(542)
calls=1 0 
0 297
0 10
cfn=(542)
calls=1 0 
0 297
0 7
cfn=(518)
calls=1 0 
0 18
0 6
cfn=(542)
calls=1 0 
0 297
0 38
cfn=(566) std::moneypunct<char, false>::_M_initialize_moneypunct(__locale_struct*, char const*)
calls=1 0 
0 113
cob=(1)
cfi=(57)
cfn=(390)
calls=1 29 
0 1261
0 5
cfn=(542)
calls=1 0 
0 297
0 39
cfn=(572) std::moneypunct<char, true>::_M_initialize_moneypunct(__locale_struct*, char const*)
calls=1 0 
0 113
cob=(1)
cfi=(57)
cfn=(390)
calls=1 29 
0 1301
0 5
cfn=(542)
calls=1 0 
0 297
0 10
cfn=(542)
calls=1 0 
0 297
0 10
cfn=(542)
calls=1 0 
0 297
0 60
cfn=(578) std::__timepunct<char>::__timepunct(std::__timepunct_cache<char>*, unsigned int)
calls=1 0 
0 1378
cob=(1)
cfi=(57)
cfn=(390)
calls=1 29 
0 1062
0 5
cfn=(542)
calls=1 0 
0 297
0 10
cfn=(542)
calls=1 0 
0 297
0 10
cfn=(542)
calls=1 0 
0 297
0 4
cfn=(590)
calls=1 0 
0 53
cob=(1)
cfi=(57)
cfn=(390)
calls=1 29 
0 801
0 5
cfn=(542)
calls=1 0 
0 297
0 4
cfn=(596)
calls=1 0 
0 29893
cob=(1)
cfi=(57)
cfn=(390)
calls=1 29 
0 799
0 5
cfn=(542)
calls=1 0 
0 297
0 4
cfn=(646)
calls=1 0 
0 42
cob=(1)
cfi=(57)
cfn=(390)
calls=1 29 
0 919
0 5
cfn=(542)
calls=1 0 
0 297
0 26
cfn=(652)
calls=1 0 
0 355
cob=(1)
cfi=(57)
cfn=(390)
calls=1 29 
0 1153
0 5
cfn=(542)
calls=1 0 
0 297
0 10
cfn=(542)
calls=1 0 
0 297
0 10
cfn=(542)
calls=1 0 
0 297
0 7
cfn=(518)
calls=1 0 
0 18
0 6
cfn=(542)
calls=1 0 
0 297
0 38
cfn=(658)
calls=1 0 
0 103
cob=(1)
cfi=(57)
cfn=(390)
calls=1 29 
0 1299
0 5
cfn=(542)
calls=1 0 
0 297
0 39
cfn=(664)
calls=1 0 
0 103
cob=(1)
cfi=(57)
cfn=(390)
calls=1 29 
0 1277
0 5
cfn=(542)
calls=1 0 
0 297
0 10
cfn=(542)
calls=1 0 
0 297
0 10
cfn=(542)
calls=1 0 
0 297
0 60
cfn=(670)
calls=1 0 
0 1368
cob=(1)
cfi=(57)
cfn=(390)
calls=1 29 
0 1094
0 5
cfn=(542)
calls=1 0 
0 297
0 10
cfn=(542)
calls=1 0 
0 297
0 10
cfn=(542)
calls=1 0 
0 297
0 4
cfn=(682) std::messages<wchar_t>::messages(unsigned int)
calls=1 0 
0 53
cob=(1)
cfi=(57)
cfn=(390)
calls=1 29 
0 809
0 5
cfn=(542)
calls=1 0 
0 297
0 4
cfn=(548)
calls=1 0 
0 15
0 6
cfn=(548)
calls=1 0 
0 15
0 6
cfn=(548)
calls=1 0 
0 15
0 6
cfn=(548)
calls=1 0 
0 15
0 6
cfn=(548)
calls=1 0 
0 15
0 6
cfn=(548)
calls=1 0 
0 15
0 6
cfn=(548)
calls=1 0 
0 15
0 6
cfn=(548)
calls=1 0 
0 15
0 8

fn=(560)
0 8
cfn=(288)
calls=1 0 
0 2
0 409

fn=(566)
0 8
cfn=(288)
calls=1 0 
0 2
0 103

fn=(578)
0 6
cfn=(288)
calls=1 0 
0 2
0 13
cfn=(506)
calls=1 0 
0 9
0 4
cfn=(584) std::__timepunct<char>::_M_initialize_timepunct(__locale_struct*)
calls=1 0 
0 133
cob=(1)
cfi=(57)
cfn=(390)
calls=1 29 
0 1206
0 5

fn=(742)
0 60
cfn=(288)
calls=10 0 
0 20
0 180

ob=(8)
fl=(60)
fn=(466)
0 11
cfn=(470) global constructors keyed to _ZN7NetworkC2Ev
calls=1 0 
0 104823
0 14
cfn=(870) global constructors keyed to main
calls=1 0 
0 142
cfn=(868) global constructors keyed to Dataset.cpp
calls=1 0 
0 142
cfn=(866) global constructors keyed to _ZN11OutputLayerC2Ev
calls=1 0 
0 142
cfn=(864) global constructors keyed to Unit.cpp
calls=1 0 
0 142
cfn=(862) global constructors keyed to linearunit.cpp
calls=1 0 
0 142
cfn=(860) global constructors keyed to sigmoidalunit.cpp
calls=1 0 
0 142
cfn=(858) global constructors keyed to _ZN11HiddenLayerC2Ev
calls=1 0 
0 142
0 28

fn=(858)
0 5
cob=(7)
cfi=(56)
cfn=(476) std::ios_base::Init::Init()
calls=1 0 
0 27
0 4
cob=(4)
cfi=(59)
cfn=(396)
calls=1 57 
0 104
0 2

fn=(864)
0 5
cob=(7)
cfi=(56)
cfn=(476)
calls=1 0 
0 27
0 4
cob=(4)
cfi=(59)
cfn=(396)
calls=1 57 
0 104
0 2

fn=(1274) std::_Vector_base<double, std::allocator<double> >::_M_allocate(unsigned int)
0 7440
cob=(7)
cfi=(56)
cfn=(1130)
calls=620 0 
0 79540
cob=(1)
cfi=(57)
cfn=(390)
calls=1 29 
0 899

fn=(1300) Pattern* std::__uninitialized_move_a<Pattern*, Pattern*, std::allocator<Pattern> >(Pattern*, Pattern*, Pattern*, std::allocator<Pattern>&)
0 800
cfn=(1302) std::vector<double, std::allocator<double> >::vector(std::vector<double, std::allocator<double> > const&)
calls=127 0 
0 43672
0 635
cfn=(1302)
calls=127 0 
0 37239
0 754

fn=(1302)
0 5842
cob=(7)
cfi=(56)
cfn=(1130)
calls=254 0 
0 58063
0 3556
cob=(4)
cfi=(80)
cfn=(1288)
calls=254 121 
0 11164
0 2286

fn=(452)
0 6
cfn=(454) 0x0804d7da
calls=1 0 
0 2
0 3
cob=(2)
cfi=(16)
cfn=(456)
calls=1 0 
0 105893
0 12

fn=(460)
0 8

fn=(1398) HiddenLayer::HiddenLayer()
0 11

fn=(1400) OutputLayer::OutputLayer()
0 11

fn=(868)
0 5
cob=(7)
cfi=(56)
cfn=(476)
calls=1 0 
0 27
0 4
cob=(4)
cfi=(59)
cfn=(396)
calls=1 57 
0 104
0 2

fn=(878)
0 8
cob=(7)
cfi=(56)
cfn=(884)
calls=1 0 
0 2749
cob=(1)
cfi=(57)
cfn=(390)
calls=1 29 
0 2096
0 17
cob=(7)
cfi=(56)
cfn=(946) std::ostream::put(char)
calls=1 0 
0 1546
cob=(1)
cfi=(57)
cfn=(390)
calls=1 29 
0 986
0 2
cob=(7)
cfi=(56)
cfn=(962)
calls=1 0 
0 1692
cob=(1)
cfi=(57)
cfn=(390)
calls=1 29 
0 1050
0 12
cfn=(984) Dataset::Dataset(char*, int, int, int)
calls=1 0 
0 1777891
0 6
cfn=(1396) Network::Network(int, int, int)
calls=1 0 
0 6697
0 2
cob=(7)
cfi=(56)
cfn=(928)
calls=1 0 
0 2882
cob=(1)
cfi=(57)
cfn=(390)
calls=1 29 
0 1352
0 4
cob=(7)
cfi=(56)
cfn=(940)
calls=1 0 
0 5
0 1

fn=(1270) void std::vector<double, std::allocator<double> >::_M_insert_aux<double const&>(__gnu_cxx::__normal_iterator<double*, std::vector<double, std::allocator<double> > >, double const&&&)
0 13640
cfn=(1272) std::vector<double, std::allocator<double> >::_M_check_len(unsigned int, char const*) const
calls=620 0 
0 16616
0 4960
cfn=(1274)
calls=620 0 
0 87879
0 8680
cfn=(1280) double* std::__uninitialized_move_a<double*, double*, std::allocator<double> >(double*, double*, double*, std::allocator<double>&)
calls=620 0 
0 29206
0 4340
cfn=(1280)
calls=620 0 
0 24180
0 3844
cob=(7)
cfi=(56)
cfn=(1260)
calls=372 0 
0 40548
cob=(1)
cfi=(57)
cfn=(390)
calls=1 29 
0 915
0 4092

fn=(1294) std::vector<double, std::allocator<double> >::operator=(std::vector<double, std::allocator<double> > const&)
0 9424
cob=(7)
cfi=(56)
cfn=(1130)
calls=248 0 
0 31352
0 1736
cob=(4)
cfi=(80)
cfn=(1288)
calls=248 121 
0 10788
0 2232

fn=(1298) Pattern::Pattern(Pattern const&)
0 184
cob=(7)
cfi=(56)
cfn=(1130)
calls=8 0 
0 1439
0 112
cob=(4)
cfi=(80)
cfn=(1288)
calls=8 121 
0 526
0 144
cob=(7)
cfi=(56)
cfn=(1130)
calls=8 0 
0 1404
0 112
cob=(4)
cfi=(80)
cfn=(1288)
calls=8 121 
0 184
0 72

fn=(984)
0 8
cob=(7)
cfi=(56)
cfn=(724)
calls=1 0 
0 143
cob=(1)
cfi=(57)
cfn=(390)
calls=1 29 
0 1107
0 35
cob=(7)
cfi=(56)
cfn=(730)
calls=1 0 
0 975
cob=(1)
cfi=(57)
cfn=(390)
calls=1 29 
0 1914
0 5
cob=(7)
cfi=(56)
cfn=(998)
calls=1 0 
0 3682
cob=(1)
cfi=(57)
cfn=(390)
calls=1 29 
0 1546
0 5
cob=(7)
cfi=(56)
cfn=(730)
calls=1 0 
0 975
0 5
cob=(7)
cfi=(56)
cfn=(1022)
calls=1 0 
0 86511
cob=(1)
cfi=(57)
cfn=(390)
calls=1 29 
0 1890
0 8
cob=(7)
cfi=(56)
cfn=(1146)
calls=1 0 
0 20
cob=(1)
cfi=(57)
cfn=(390)
calls=1 29 
0 1778
0 3
cob=(7)
cfi=(56)
cfn=(1028)
calls=1 0 
0 8
cob=(1)
cfi=(57)
cfn=(390)
calls=1 29 
0 1347
0 7077
cob=(7)
cfi=(56)
cfn=(1156)
calls=744 0 
0 973889
cob=(1)
cfi=(57)
cfn=(390)
calls=1 29 
0 1256
0 4712
cfn=(1270)
calls=496 0 
0 200956
0 2604
cob=(7)
cfi=(56)
cfn=(1156)
calls=124 0 
0 144770
0 992
cfn=(1270)
calls=124 0 
0 37944
0 1984
cfn=(1294)
calls=124 0 
0 30256
0 620
cfn=(1294)
calls=124 0 
0 25276
0 2460
cob=(7)
cfi=(56)
cfn=(1130)
calls=116 0 
0 14616
0 1856
cob=(4)
cfi=(80)
cfn=(1288)
calls=116 121 
0 7648
0 2320
cob=(7)
cfi=(56)
cfn=(1130)
calls=116 0 
0 14616
0 1856
cob=(4)
cfi=(80)
cfn=(1288)
calls=116 121 
0 2668
0 1432
cob=(7)
cfi=(56)
cfn=(1260)
calls=124 0 
0 13516
0 372

ob=(7)
fl=(56)
fn=(742)
0 60

fn=(788)
0 24
cfn=(288)
calls=6 0 
0 12
0 30
cfn=(548)
calls=6 0 
0 90
0 90
cfn=(766)
calls=6 0 
0 438
0 36

fn=(842)
0 16
cfn=(288)
calls=4 0 
0 8
0 20
cfn=(548)
calls=4 0 
0 60
0 60
cfn=(766)
calls=4 0 
0 292
0 24

fn=(946)
0 18
cfn=(288)
calls=3 0 
0 6
0 30
cfn=(890)
calls=3 0 
0 90
0 78
cfn=(948)
calls=3 0 
0 1624
0 6

fn=(1028)
0 56

fn=(1172)
0 6
cfn=(288)
calls=1 0 
0 2
0 6
cfn=(1178) std::__basic_file<char>::fd()
calls=1 0 
0 1433
cob=(1)
cfi=(57)
cfn=(390)
calls=1 29 
0 864
0 5
cob=(4)
cfi=(83)
cfn=(1190)
calls=1 82 
0 14
cob=(1)
cfi=(57)
cfn=(390)
calls=1 29 
0 1369
0 10

fn=(1220)
0 4355
cfn=(288)
calls=871 0 
0 1742
0 5226
cfn=(548)
calls=871 0 
0 13065
0 12194

fn=(1322)
0 7
cfn=(288)
calls=1 0 
0 2
0 8
cfn=(1328)
calls=1 0 
0 161
cob=(1)
cfi=(57)
cfn=(390)
calls=1 29 
0 667
0 14

fn=(1424) 0x00076b20
0 87

fn=(584)
0 8
cfn=(288)
calls=1 0 
0 2
0 8
cfn=(518)
calls=1 0 
0 18
0 97

fn=(682)
0 6
cfn=(288)
calls=1 0 
0 2
0 10
cfn=(518)
calls=1 0 
0 18
0 2
cfn=(506)
calls=1 0 
0 9
0 6

fn=(1118)
0 7
cfn=(288)
calls=1 0 
0 2
0 14
cfn=(1124)
calls=1 0 
0 2294
cob=(1)
cfi=(57)
cfn=(390)
calls=1 29 
0 658
0 3

fn=(1130)
0 17976
cfn=(288)
calls=2247 0 
0 4494
0 11235
cob=(4)
cfi=(86)
cfn=(1058)
calls=2247 3615 
0 262239
cob=(1)
cfi=(57)
cfn=(390)
calls=1 29 
0 1402
0 17976

fn=(1194)
0 5208
cfn=(288)
calls=868 0 
0 1736
0 13888
cfn=(1200)
calls=868 0 
0 199802
cob=(1)
cfi=(57)
cfn=(390)
calls=1 29 
0 777
0 14756
cfn=(1218)
calls=868 0 
0 198524
cob=(1)
cfi=(57)
cfn=(390)
calls=1 29 
0 1698
0 5208
cfn=(518)
calls=868 0 
0 15624
0 8680
cfn=(1232)
calls=868 0 
0 384332
cob=(1)
cfi=(57)
cfn=(390)
calls=1 29 
0 1276
0 32116
cfn=(1254)
calls=868 0 
0 109669
cob=(1)
cfi=(57)
cfn=(390)
calls=1 29 
0 890
0 4340

fn=(1334)
0 10
cfn=(288)
calls=2 0 
0 4
0 12
cfn=(1028)
calls=2 0 
0 16
0 23
cob=(4)
cfi=(104)
cfn=(1340)
calls=1 34 
0 10
cob=(1)
cfi=(57)
cfn=(390)
calls=1 29 
0 1562
0 5
cob=(4)
cfi=(105)
cfn=(1346)
calls=1 43 
0 1337
cob=(1)
cfi=(57)
cfn=(390)
calls=1 29 
0 1551
0 5

fn=(1388) std::ios_base::_M_call_callbacks(std::ios_base::event)
0 8
cfn=(288)
calls=1 0 
0 2
0 10

fn=(1422)
0 30
cfn=(288)
calls=3 0 
0 6
0 51
cfn=(1220)
calls=3 0 
0 126
0 78
cfn=(1424)
calls=2 0 
0 58
0 11
cfn=(1424)
calls=1 0 
0 29
0 81
cfn=(892)
calls=3 0 
0 513
0 53

fn=(302)
0 4
cfn=(288)
calls=1 0 
0 2
0 15

fn=(324)
0 1
cfn=(316)
calls=1 0 
0 2
0 53

fn=(352)
0 1
cfn=(316)
calls=1 0 
0 2
0 53

fn=(406)
0 4

fn=(1178)
0 6
cfn=(288)
calls=1 0 
0 2
0 4
cob=(4)
cfi=(98)
cfn=(1184)
calls=1 34 
0 15
cob=(1)
cfi=(57)
cfn=(390)
calls=1 29 
0 1402
0 4

fn=(1408) std::ostream::operator<<(int)
0 12
cfn=(288)
calls=3 0 
0 6
0 21
cfn=(1414)
calls=3 0 
0 2952
cob=(1)
cfi=(57)
cfn=(390)
calls=1 29 
0 842
0 12

fn=(476)
0 48
cfn=(288)
calls=8 0 
0 16
0 121
cfn=(482)
calls=1 0 
0 67525
cob=(1)
cfi=(57)
cfn=(390)
calls=1 29 
0 773
0 19
cfn=(482)
calls=1 0 
0 71
0 17
cfn=(482)
calls=1 0 
0 71
0 8
cfn=(724)
calls=1 0 
0 143
cob=(1)
cfi=(57)
cfn=(390)
calls=1 29 
0 783
0 17
cfn=(730)
calls=1 0 
0 13017
cob=(1)
cfi=(57)
cfn=(390)
calls=1 29 
0 1240
0 4
cfn=(724)
calls=1 0 
0 143
0 18
cfn=(730)
calls=1 0 
0 975
0 4
cfn=(724)
calls=1 0 
0 143
0 20
cfn=(730)
calls=1 0 
0 975
0 4
cfn=(724)
calls=1 0 
0 143
0 19
cfn=(730)
calls=1 0 
0 975
0 19
cfn=(482)
calls=1 0 
0 71
0 19
cfn=(482)
calls=1 0 
0 71
0 17
cfn=(482)
calls=1 0 
0 71
0 8
cfn=(724)
calls=1 0 
0 143
0 17
cfn=(806)
calls=1 0 
0 9789
cob=(1)
cfi=(57)
cfn=(390)
calls=1 29 
0 1224
0 4
cfn=(724)
calls=1 0 
0 143
0 18
cfn=(806)
calls=1 0 
0 949
0 4
cfn=(724)
calls=1 0 
0 143
0 20
cfn=(806)
calls=1 0 
0 949

ob=(8)
fl=(60)
fn=(984)
0 248
cob=(7)
cfi=(56)
cfn=(1260)
calls=124 0 
0 13516
0 620
cob=(7)
cfi=(56)
cfn=(1260)
calls=124 0 
0 13516
0 620
cob=(7)
cfi=(56)
cfn=(1260)
calls=124 0 
0 13516
0 502
cob=(7)
cfi=(56)
cfn=(1310)
calls=1 0 
0 8824
cob=(1)
cfi=(57)
cfn=(390)
calls=1 29 
0 1610
0 3
cob=(7)
cfi=(56)
cfn=(1372)
calls=1 0 
0 46
cob=(1)
cfi=(57)
cfn=(390)
calls=1 29 
0 1243
0 4
cob=(7)
cfi=(56)
cfn=(748)
calls=1 0 
0 25
cob=(1)
cfi=(57)
cfn=(390)
calls=1 29 
0 1083
0 11
cob=(7)
cfi=(56)
cfn=(1382) std::ios_base::~ios_base()
calls=1 0 
0 2097
cob=(1)
cfi=(57)
cfn=(390)
calls=1 29 
0 1131
0 57
cfn=(1296) void std::vector<Pattern, std::allocator<Pattern> >::_M_insert_aux<Pattern>(__gnu_cxx::__normal_iterator<Pattern*, std::vector<Pattern, std::allocator<Pattern> > >, Pattern&&)
calls=8 0 
0 121550
0 8

fn=(870)
0 5
cob=(7)
cfi=(56)
cfn=(476)
calls=1 0 
0 27
0 4
cob=(4)
cfi=(59)
cfn=(396)
calls=1 57 
0 104
0 2

fn=(1396)
0 10
cfn=(1398)
calls=1 0 
0 11
0 5
cfn=(1400)
calls=1 0 
0 11
0 18
cob=(7)
cfi=(56)
cfn=(884)
calls=1 0 
0 275
0 5
cob=(7)
cfi=(56)
cfn=(1408)
calls=1 0 
0 2865
cob=(1)
cfi=(57)
cfn=(390)
calls=1 29 
0 970
0 7
cob=(7)
cfi=(56)
cfn=(884)
calls=1 0 
0 316
0 6
cob=(7)
cfi=(56)
cfn=(1408)
calls=1 0 
0 488

ob=(7)
fl=(56)
fn=(476)
0 4
cfn=(724)
calls=1 0 
0 143
0 19
cfn=(806)
calls=1 0 
0 949
0 58

fn=(506)
0 5
cfn=(316)
calls=5 0 
0 10
0 30

fn=(528)
0 6
cfn=(288)
calls=1 0 
0 2
0 6
cob=(4)
cfi=(62)
cfn=(534)
calls=1 46 
0 41
cob=(1)
cfi=(57)
cfn=(390)
calls=1 29 
0 1490

ob=(8)
fl=(60)
fn=(1396)
0 15
cob=(7)
cfi=(56)
cfn=(946)
calls=1 0 
0 153
0 4
cob=(7)
cfi=(56)
cfn=(962)
calls=1 0 
0 261
0 13
cob=(7)
cfi=(56)
cfn=(884)
calls=1 0 
0 326
0 3
cob=(7)
cfi=(56)
cfn=(1408)
calls=1 0 
0 492
0 13
cob=(7)
cfi=(56)
cfn=(946)
calls=1 0 
0 153
0 2
cob=(7)
cfi=(56)
cfn=(962)
calls=1 0 
0 261
0 14

fn=(860)
0 5
cob=(7)
cfi=(56)
cfn=(476)
calls=1 0 
0 27
0 4
cob=(4)
cfi=(59)
cfn=(396)
calls=1 57 
0 104
0 2

fn=(442)
0 13
cob=(4)
cfi=(61)
cfn=(450)
calls=1 96 
0 1905098
cob=(1)
cfi=(57)
cfn=(390)
calls=1 29 
0 1638

fn=(454)
0 2

fn=(866)
0 5
cob=(7)
cfi=(56)
cfn=(476)
calls=1 0 
0 27
0 4
cob=(4)
cfi=(59)
cfn=(396)
calls=1 57 
0 104
0 2

fn=(1280)
0 17360
cob=(4)
cfi=(80)
cfn=(1288)
calls=1240 121 
0 27151
cob=(1)
cfi=(57)
cfn=(390)
calls=1 29 
0 1435
0 7440

fn=(862)
0 5
cob=(7)
cfi=(56)
cfn=(476)
calls=1 0 
0 27
0 4
cob=(4)
cfi=(59)
cfn=(396)
calls=1 57 
0 104
0 2

fn=(1272)
0 16616

fn=(470)
0 5
cob=(7)
cfi=(56)
cfn=(476)
calls=1 0 
0 101955
cob=(1)
cfi=(57)
cfn=(390)
calls=1 29 
0 1241
0 4
cob=(4)
cfi=(59)
cfn=(396)
calls=1 57 
0 104
cob=(1)
cfi=(57)
cfn=(390)
calls=1 29 
0 1512
0 2

fn=(1296)
0 239
cob=(7)
cfi=(56)
cfn=(1130)
calls=8 0 
0 3207
0 104
cfn=(1298)
calls=8 0 
0 4177

ob=(7)
fl=(56)
fn=(528)
0 8

fn=(572)
0 8
cfn=(288)
calls=1 0 
0 2
0 103

fn=(760)
0 24
cfn=(288)
calls=6 0 
0 12
0 30
cfn=(548)
calls=6 0 
0 90
0 30

ob=(8)
fl=(60)
fn=(1296)
0 64
cfn=(1300)
calls=8 0 
0 82972
0 72
cfn=(1300)
calls=8 0 
0 128
0 717
cob=(7)
cfi=(56)
cfn=(1260)
calls=127 0 
0 13843
0 635
cob=(7)
cfi=(56)
cfn=(1260)
calls=127 0 
0 13843
0 423

ob=(7)
fl=(56)
fn=(760)
0 60
cfn=(766)
calls=6 0 
0 516
cob=(1)
cfi=(57)
cfn=(390)
calls=1 29 
0 770
0 36

fn=(766)
0 1798
cfn=(782)
calls=50 0 
0 1500
cfn=(768)
calls=12 0 
0 516
0 868

fn=(892)
0 42
cfn=(288)
calls=7 0 
0 14
0 63
cob=(4)
cfi=(72)
cfn=(898)
calls=7 37 
0 1509
cob=(1)
cfi=(57)
cfn=(390)
calls=1 29 
0 1393
0 28

fn=(1212)
0 6076
cfn=(288)
calls=868 0 
0 1736
0 7812

ob=(8)
fl=(60)
fn=(1296)
0 16
cob=(7)
cfi=(56)
cfn=(1260)
calls=7 0 
0 942
0 96

ob=(7)
fl=(56)
fn=(1212)
0 5208
cfn=(1130)
calls=868 0 
0 109472
0 6076

fn=(1382)
0 5
cfn=(288)
calls=1 0 
0 2
0 9
cfn=(1388)
calls=1 0 
0 20
cob=(1)
cfi=(57)
cfn=(390)
calls=1 29 
0 1031
0 2
cfn=(1394)
calls=1 0 
0 22
cob=(1)
cfi=(57)
cfn=(390)
calls=1 29 
0 969
0 7
cfn=(748)
calls=1 0 
0 25
0 5

ob=(8)
fl=(60)
fn=(1296)
0 72

totals: 3299973
