Train: 0.262293 -0.0635411 0.153452 0.371901 -0.553895 0.205632 -0.757159 -0.966547 
0.836063 0.652177 0.715111 0.681542 0.047614 0.760562 -1 0.894929 
0.98359 0.768114 0.703704 0.685939 0.298246 0.605635 0.943536 0.234103 
0.0655589 -0.314013 0.597896 0.619827 0.348386 -0.252443 0.651612 0.00472934 
0.375785 0.536228 0.724859 0.223131 -0.0526316 0.166195 -0.86279 -0.326724 
0.590145 0.296293 0.30483 0.388423 -0.00249123 0.253527 -0.86279 -0.701111 
0.0327852 0.265696 0.282044 0.801641 0.520456 -0.0422463 -0.93789 0.845385 
0.587643 0.739126 0.576711 0.619827 -0.0275789 0.901409 -0.960147 0.803732 
0.819653 0.971013 0.597896 0.520647 0.298246 0.436611 0.989127 0.685271 
0.301631 0.469893 0.322756 0.249581 -0.22807 0.192479 0.677702 0.0220513 
0.786879 0.932367 0.597896 0.471057 0.14786 0.366197 0.986404 0.619145 
-1.14754e-05 -0.120772 0.343911 0.882077 0.176772 -0.591557 0.0434602 -0.698889 
0.622942 0.477522 0.140741 0.480984 -0.553895 0.354268 -0.568454 0.552877 
0.557371 0.420291 0.111111 0.305789 -0.278211 0.422532 -0.611031 0.584644 
-1.14754e-05 -0.165856 0.576711 0.789515 0.172947 -0.648818 0.0743948 -0.661709 
0.0327852 0.000967151 0.322756 0.833436 0.649123 0.140837 -0.86279 -0.241823 
0.0491721 0.343 0.619052 0.785118 0.849614 0.211271 -0.86279 -0.255869 
-0.0126115 -0.0241517 0.492059 0.727823 0.423544 -0.33802 0.700051 0.0368661 
0.606555 0.971013 0.516059 0.636349 0.203789 0.507044 0.624773 -0.0130769 
0.0721228 0.0717247 0.343911 0.801641 0.333333 -0.404115 -0.86279 -0.595356 
-0.049195 -0.230026 0.634578 0.867753 0.273193 -0.394374 0.722961 0.0520798 
0.393434 0.812562 0.449748 0.42149 -0.363018 0.490797 -0.475879 0.435413 
0.409821 0.0197015 -0.195052 -0.0743848 0.146211 -0.00975066 -0.0549983 0.399373 
0.868836 0.314013 0.238104 -0.0209768 -0.22807 0.66197 -0.0208206 0.387806 
-0.0163983 0.497582 0.597896 0.818163 0.548877 0.0422463 -0.991189 0.879459 
0.587643 0.587115 0.236474 0.403858 -0.478702 0.591537 -0.736308 0.684558 
0.0983556 -0.188405 0.449748 1 0.273193 0.0347337 -0.861522 -0.241994 
0.424027 0.123748 0.492059 0.42149 0.0225614 0.169015 -0.523133 -1 
0.393434 0.677296 0.279022 0.262192 -0.253123 0.464788 0.677702 0.0220513 
0.131129 0.565215 -0.037037 0.834708 0.674175 0.211271 -1 0.894929 
0.737696 0.690823 0.365067 0.487603 -0.22807 0.408453 -0.652838 0.617977 
0.393434 0.797101 0.180237 0.388423 -0.632912 0.293614 0.928401 0.723903 
0.967203 0.555557 0.195763 0.586759 0.323298 0.577458 -0.86279 -0.669174 
0.91802 0.659265 0.48717 0.652894 -0.0275789 0.859153 -1 0.894929 
0.439335 0.551053 0.322756 0.388423 -0.363018 0.475613 -0.653857 0.54641 
0.179234 -0.178003 0.386252 0.735529 0.298246 -0.309862 0.677702 0.0220513 
0.737696 0.729468 0.259259 0.272721 -0.102772 0.380276 0.00400195 -0.732593 
0.229496 -0.233489 0.3016 0.966932 0.520456 -0.727691 0.943203 0.876838 
0.688512 0.52657 -0.037037 0.371901 -0.22807 0.408453 -0.86279 -0.627037 
0.409821 0.642519 0.145304 0.326707 -0.203018 0.253527 -0.799445 -0.961134 
0.837141 0.52657 0.682548 0.619827 -0.0275789 0.733469 -1 0.894929 
0.316939 0.316583 0.692296 0.477421 -0.524982 0.310789 -0.746973 -0.253333 
0.114742 -0.00483575 0.407407 0.85123 0.57393 -0.169015 0.677702 0.0220513 
0.0163754 0.0717247 0.195763 0.917343 0.373439 -0.333327 -0.466378 0.246296 
0.240421 0.251209 0.239496 0.604392 0.590632 0.0216013 -1 0.894929 
0.087431 -0.427717 0.830696 0.553715 0.122807 -0.5493 0.340125 -0.300598 
0.622942 0.497582 0.0899556 0.322311 -0.17793 0.154936 -0.162708 -0.845245 
0.546447 0.449279 -1 -0.090907 -0.829579 0.363377 -0.0208206 0.387806 
0.0262213 0.111114 0.669511 0.834708 0.0726667 -0.577458 -0.247238 -0.898362 
0.0655589 -0.25083 0.322756 0.789515 0.122807 0.647892 -0.223164 0.456268 
0.557371 0.555557 0.238104 0.530829 -0.22807 0.478867 -0.694521 0.651225 
0.0756573 0.496946 0.601126 0.758669 -0.147088 -0.740843 -0.86279 -0.669174 
0.606555 0.768858 0.280415 0.404945 -0.403509 0.323941 1 0.949259 
0.393434 0.468595 0.809511 0.504125 -0.428561 0.323941 -0.862166 -0.241909 
0.0109131 -0.905314 0.733333 0.789515 0.423544 -0.333327 0.89175 0.164957 
0.524575 0.449279 0.280415 0.305789 -0.0526316 0.295764 0.303286 -0.351368 
-1.14754e-05 -0.260542 0.597896 0.743234 0.203789 -0.555788 0.973951 0.364131 
0.393434 0.893722 0.470904 0.371901 -0.278211 0.323941 0.968566 0.977037 
0.0491721 -0.344475 0.338281 0.933865 0.548877 0.366197 -0.36397 0.503903 
0.491801 0.650243 0.646726 0.326707 -0.478702 0.703142 -0.0208206 0.387806 
0.147539 0.0405054 0.555556 0.820384 0.473684 -0.267606 0.677702 0.0220513 
0.0109131 -0.797101 0.476533 0.789515 0.30993 -0.740843 0.99474 0.82188 
0.087431 -0.418357 0.513215 0.588981 0.122807 -0.096708 -0.468728 0.0481766 
0.393434 0.325605 0.279022 0.195594 -0.0877193 0.337093 0.677702 0.0220513 
0.786879 0.748798 0.619052 0.603304 0.0726667 0.521123 0.923932 0.199259 
0.087431 0.415787 0.476533 0.764454 0.801158 -0.451636 -0.86279 -0.241823 
0.0491721 -0.396511 0.7672 0.570237 0.14786 -0.464788 0.226802 -0.456809 
-0.0349885 0.0724687 0.601126 0.85123 -0.0275789 -0.676049 -0.616311 -0.98698 
0.311477 0.352658 0.449748 0.404945 -0.328316 0.676049 -0.600844 -0.256182 
0.803266 0.614168 0.492059 0.702461 -0.0526316 0.824488 -0.779612 0.461083 
0.0721228 -0.344475 0.513215 0.636349 0.426912 -0.434462 0.677702 0.0220513 
0.459004 0.594203 0.619052 0.404945 -0.453649 0.591537 -0.0208206 0.387806 
0.0983556 -0.0241517 0.195763 0.719006 0.248105 0.0704236 -0.949297 0.626097 
0.0983556 0.352658 0.654311 0.758669 -0.282035 -0.802818 -0.86279 -0.864752 
0.0983556 0.516912 0.703704 0.90082 0.14786 -0.0140887 -0.897966 0.813533 
0.393434 0.449279 0.132267 0.438013 -0.303263 0.535202 -0.0208206 0.387806 
0.332224 0.487924 0.283941 -0.274942 -0.378456 0.535202 -0.0208206 0.387806 
0.557371 0.391304 0.00245926 0.441831 -0.253123 0.323941 -0.250169 -0.900211 
0.475391 0.487924 0.153452 0.355355 -0.253123 0.521123 -0.0208206 0.387806 
0.377047 0.458937 0.5344 0.322311 -0.804526 0.140837 -0.86279 -0.241823 
0.262293 0.706433 0.180237 0.419269 -0.503754 0.50596 -0.555232 0.558803 
0.639328 0.273758 0.0687704 0.403858 -0.0877193 0.323941 -0.86279 -0.669174 
0.163926 -0.12598 0.428563 0.652894 0.523825 -0.281685 -0.86279 -0.629886 
0.118024 -0.428881 0.318519 0.774104 0.520456 -0.241322 -0.65051 -0.258433 
0.65824 0.932367 0.35043 0.480984 -0.303263 0.389662 0.0715882 -0.665043 
0.770492 0.835747 0.703704 0.702461 -0.0275789 0.436611 0.980999 0.487863 
0.040336 0.262477 0.674074 0.768596 -0.0526316 -0.75297 -0.86279 -0.669174 
0.0983556 0.265696 0.783467 0.768596 -0.17793 -0.491073 -0.607247 0.581681 
0.118024 0.0821266 0.703704 0.975841 0.0977544 -0.492966 -0.203434 -0.870835 
0.209828 -0.371974 0.122519 0.867753 0.674175 -1 0.931437 0.755385 
0.147539 -0.109504 0.513215 0.835796 0.00585965 -0.450709 0.00732825 -0.730057 
-1 0.391304 -0.502637 -0.338856 -1 0.293614 -0.0216521 0.388091 
0.377047 0.505955 0.669511 0.338833 -0.22807 0.239429 -0.86279 -0.241823 
0.327863 0.497582 0.597896 0.471057 -0.378456 0.563379 -0.470224 -0.0784615 
0.0655589 -0.105162 0.298756 0.602032 0.122807 0.323941 -0.467938 0.114274 
0.786879 0.555557 0.280415 0.727823 0.323298 0.293614 -0.86279 -0.669174 
0.0568147 -0.0666658 0.4568 0.774104 0.169579 -0.450709 -0.86279 -0.66302 
0.885246 0.661835 0.661363 0.603304 -0.152877 0.845074 -1 0.894929 
0.721309 0.39428 0.476533 0.619827 0.298246 0.369451 0.671154 0.0176923 
0.0721228 -1 0.674074 0.943792 0.403509 -0.622534 0.999938 0.952877 
-1.14754e-05 -0.294683 0.5344 0.884298 -0.353368 -0.140837 -0.690509 0.648006 
0.34425 0.60386 0.5344 0.338833 -0.278211 0.507044 -0.35923 0.502279 
0.0721228 -0.661835 0.733333 0.635261 0.216386 -0.307042 0.673087 0.0189744 
0.36284 0.397742 0.555556 0.388423 -0.298246 0.218784 0.677702 0.0220513 
-0.0163983 0.304355 0.597896 0.867753 -0.22807 -0.718305 -0.79695 -0.961453 
-0.0819687 -0.0947605 0.513215 0.727823 0.298246 -0.380276 0.978525 0.42792 
0.0163754 -0.410633 0.492059 0.702461 0.198 -0.422532 0.170275 -0.534701 
0.0226868 0.545899 0.259259 0.85123 -0.22807 -0.66197 -0.86279 -0.671368 
0.311477 0.439621 0.343911 0.454535 -0.65414 0.5493 -0.265491 0.47057 
0.0109131 -0.256038 0.338281 0.928357 0.333333 -0.215017 -0.540368 0.532251 
0.557371 0.458937 0.195763 0.388423 -0.453649 0.676049 -0.171232 0.438689 
0.327863 0.584545 0.737896 0.450138 -0.353368 0.535202 -0.465318 0.33567 
0.0721228 -0.532724 0.623941 0.866665 0.520456 -0.162449 -0.86279 -0.241823 
0.524575 0.826089 0.280415 0.234146 -0.428561 0.248105 0.995011 0.985613 
0.327863 0.343 0.428563 0.272721 -0.278211 0.281685 0.677702 0.0220513 
-0.049195 0.325605 0.661363 0.69103 -0.152877 -0.66197 -0.754602 -0.966872 
-0.245906 0.435901 0.428563 -0.39835 -0.438596 0.399777 -0.0208206 0.387806 
0.118024 0.113346 0.703704 0.758669 0.450281 0.0985813 -0.86279 -0.288291 
0.852449 0.797101 0.7672 0.520647 0.122807 0.633793 0.973577 0.359202 
0.868836 0.700481 0.492059 0.586759 0.14786 0.436611 0.802189 0.104672 
0.393434 0.487924 0.111111 0.454535 -0.22807 0.309862 -0.86279 -0.458091 
0.606555 0.460871 0.0419852 0.404945 -0.417018 0.763815 -0.0208206 0.387806 
0.622942 0.62319 0.646726 0.419269 -0.0526316 0.408453 0.269316 -0.398205 
0.0491721 0.516912 0.640207 0.85123 -0.127825 -0.647892 -0.710321 -0.972983 
0.0655589 0.362316 0.5344 0.85123 -0.0275789 -0.816897 -0.86279 -0.798729 
-1.14754e-05 0.275367 0.386252 0.702461 -0.453649 -0.0704236 -0.815536 0.747778 
0.411083 0.729468 0.7672 0.487603 -0.0776842 0.481687 -0.86279 -0.241823 
0.147539 0.690823 -0.0962963 0.818163 0.398491 -0.206933 -1 0.894929 
0.377047 0.183576 0.950607 0.5427 -0.428561 0.535202 -0.515254 -0.231595 
0.606555 0.652177 0.418815 0.342142 -0.378456 0.619714 -0.819756 0.75114 
0.0655589 -0.458937 -0.037037 0.882077 0.248105 -0.688255 -0.46538 0.3751 
0.459004 0.700481 0.386252 0.520647 -0.604 0.830975 -0.0521294 0.398405 
-1.14754e-05 -0.470204 0.318519 0.553715 0.473684 -0.320194 -0.469497 -0.0179202 
0.639328 0.643994 0.216919 0.511831 -0.152877 0.295764 0.167406 -0.538661 
0.0491721 -0.12598 0.640207 0.818163 -0.503754 -0.556813 -0.582404 0.563248 
0.934407 0.806759 0.576711 0.669417 0.198 0.5493 0.978296 0.422821 
0.213109 0.381646 0.3016 0.357577 -0.336035 0.33802 0.677702 0.0220513 
0.592348 0.565215 0.236474 0.477421 -0.629088 0.74459 -0.0395726 0.39416 
0.27868 0.519143 0.788356 0.438013 -0.0409474 0.22535 -0.86279 -0.287208 
0.0415294 -0.188405 0.0899556 0.504125 0.62407 -0.408453 -0.470287 -0.0840456 
-0.0163983 0.318842 0.00245926 0.702461 0.426912 0.11268 -1 0.894929 
-1.14754e-05 0.62319 0.30483 0.702461 -0.127825 -0.740843 -0.86279 -0.669174 
0.852449 0.848638 0.470904 0.703965 -0.134491 1 -0.953854 0.772422 
0.0262213 -0.842185 -0.0765333 0.866665 0.473684 -0.676049 0.925117 0.69 
0.0163754 0.584545 -0.264948 0.80495 -0.0776842 0.309862 -0.866407 0.398775 
0.65824 0.729468 0.496296 0.619827 0.149789 0.901409 -0.948561 0.743846 
-0.049195 -0.458937 0.619052 0.743234 0.248105 -0.492966 0.677702 0.0220513 
0.950816 0.591971 0.830696 0.666107 0.047614 0.802818 -0.96992 0.87094 
0.377047 0.516912 0.601126 0.388423 -0.428561 0.197172 -0.86279 -0.241823 
0.34425 0.404682 0.298756 0.419269 -0.201088 0.154936 -0.337651 -0.953182 
0.34425 0.373462 0.788356 0.357577 -0.127825 0.422532 -0.86279 -0.242108 
-0.0349885 -0.583801 0.174607 0.867753 0.373439 0.0704236 -0.743127 -0.253618 
0.65824 0.420291 0.703704 0.573546 0.0726667 0.366197 0.677515 0.0219373 
0.91802 0.768114 0.428563 0.619827 -0.0275789 0.859153 -0.981161 0.861852 
-0.0163983 -0.0531392 0.35043 0.85123 1 0.0704236 -0.975809 0.85208 
0.672125 0.217392 0.174607 0.537192 0.047614 0.478867 -0.86279 -0.660142 
0.91802 0.400962 0.122519 0.666107 0.172947 0.66197 -0.86279 -0.669174 
0.704899 0.942025 0.597896 0.636349 0.122807 0.450709 0.582799 -0.0409402 
0.0109131 -0.442028 -0.290993 0.866665 0.0292281 0.126759 -0.465609 0.311481 
-0.0502737 0.0189981 0.715111 0.548624 0.423544 -0.33802 0.472075 -0.12943 
0.475391 0.60386 0.407407 0.305789 -0.428561 0.802818 -0.0208206 0.387806 
0.852449 0.71981 0.7672 0.719006 0.273193 0.0845025 0.468956 -0.132934 
0.262293 0.446303 0.661363 0.372988 -0.201088 0.613148 -0.471409 -0.144302 
-0.213132 0.415787 0.0687704 -1 -0.278211 0.430124 -0.0208206 0.387806 
0.639328 0.643994 0.259259 0.419269 -0.353368 0.802818 -0.0208206 0.387806 
0.836063 0.650243 0.4568 0.471057 -0.174105 0.217758 0.758698 0.075812 
0.409821 0.768114 0.153452 0.438013 -0.503754 0.281685 0.931561 0.756695 
0.295067 0.410633 0.492059 0.471057 -0.203018 0.563379 -0.469434 -0.0124501 
0.491801 0.632848 0.428563 0.438013 -0.328316 0.676049 -0.0208206 0.387806 
0.360637 0.381646 0.120978 0.352833 -0.303263 0.22535 -0.618993 -0.986581 
0.0983556 -0.368755 0.259259 0.537192 0.286561 0.0610378 -0.604357 -0.25698 
0.0109131 -0.661835 0.386252 0.727823 0.754386 -0.201885 -0.86279 -0.241823 
0.0163754 -0.314013 0.153452 0.789515 0.348386 0.035759 -0.697431 -0.256439 
0.0491721 -0.13204 0.640207 0.882077 0.403509 -0.633793 0.981206 0.493077 
-0.393457 0.207735 0.0264593 -0.818186 -0.403509 0.211271 -0.0334189 0.39208 
0.0163754 -0.0305904 0.513215 0.80495 0.590632 -9.85911e-06 -0.845473 -0.244046 
-0.0302836 0.198063 0.555556 0.884298 0.0977544 -0.140837 -0.649075 0.614957 
0.360637 0.352658 0.851852 0.338833 -0.201088 0.339104 -0.86279 -0.241823 
0.557371 0.591971 0.365067 0.371901 -0.353368 0.718305 -0.66157 0.543476 
0.377047 0.314013 0.492059 0.454535 -0.378456 0.802818 -0.467875 0.119829 
0.209828 0.0717247 0.0687704 0.762233 0.637439 -0.915488 0.937008 0.812934 


Validation: -0.049195 -0.386096 0.851852 0.619827 0.0977544 -0.464788 0.674459 0.019886 
-0.0349885 0.311037 0.597896 0.669417 -0.152877 -0.66197 -0.829444 -0.943405 
0.508188 0.864734 0.259259 0.520647 -0.528807 0.33802 0.925221 0.69114 
0.375785 0.508728 0.4568 0.46555 -0.253123 0.281685 -0.382701 -0.973929 
0.34425 0.415083 0.812356 0.372988 -0.39 0.394355 -0.86279 -0.241823 
0.655738 0.36306 0.0476148 0.311296 -0.353368 0.408453 -0.86279 -0.79433 
0.475391 0.52657 0.396 0.403858 -0.00249123 0.309862 -0.427939 -0.992413 
0.087431 -0.438133 0.724859 0.834708 0.62407 -0.450709 0.783354 0.0921652 
0.295067 0.971013 -0.037037 0.388423 -0.278211 0.253527 -0.86279 -0.524046 
0.0983556 -0.951697 0.555556 0.884298 0.473684 -0.746483 0.995385 0.837379 
-0.0327852 0.0717247 0.788356 0.789515 0.248105 -0.760562 -0.31894 -0.942342 
0.0226868 0.127211 0.0687704 0.85123 0.54386 -0.201885 -1 0.894929 
0.0491721 -0.143321 0.703704 0.80495 0.423544 -0.66197 0.983888 0.558148 
0.179234 0.175771 0.492059 0.834708 0.248105 0.33802 -0.270293 0.472194 
-0.049195 -0.673103 0.873007 0.835796 0.223053 -0.333327 0.105558 -0.623789 
0.0327852 -0.410633 0.576711 0.818163 0.419719 -0.767128 0.983493 0.999316 
0.0819687 -0.729468 0.661363 0.774104 0.380105 -0.507044 0.968795 0.30114 
0.114742 0.574887 0.0053037 0.867753 0.774421 -0.11268 -0.987285 0.884786 
0.499352 0.677296 0.437037 0.342142 -0.497965 0.809305 -0.0208206 0.387806 
0.327863 0.410633 0.576711 0.272721 -0.328316 0.394355 -0.69398 -0.256581 
0.087431 -0.852439 0.513215 0.553715 0.169579 -0.359631 0.677702 0.0220513 
0.0721228 -0.161352 -0.116059 0.834708 0.0994035 0.310789 -0.942682 0.690769 
0.561732 0.710152 0.377778 0.446274 -0.321649 0.642469 -0.497001 0.481254 
0.934407 0.361681 0.597896 0.636349 -0.17793 0.869978 -0.930385 0.427749 
0.672125 0.642519 0.555556 0.637622 0.248105 0.389662 0.649325 0.00321937 
0.327863 1 0.279022 0.352833 -0.282035 0.25822 0.976654 0.994302 
1 0.321439 0.693837 0.223131 0.398491 0.859153 -0.0208206 0.387806 
-1.14754e-05 -0.169076 0.318519 0.768596 0.365719 -0.507044 0.677702 0.0220513 
0.133333 0.602386 -0.173778 0.789515 0.273193 0.492946 -0.900731 0.41433 
0.967203 0.507254 0.692296 0.681542 -0.102772 0.915488 -1 0.894929 
-0.0163983 0.52657 0.470904 0.785118 -0.22807 -0.676049 -0.86279 -0.70339 
0.286322 0.435901 -0.0158815 0.355355 -0.22807 0.0845025 -0.830546 -0.941097 
0.163926 0.496946 0.7672 0.72662 -0.00249123 -0.760562 -0.379458 -0.972439 
0.0491721 -0.397458 0.3016 0.650673 0.403509 -0.372763 -0.471181 -0.150057 
0.131129 0.217392 0.703704 0.801641 0.749368 -0.436611 -0.86279 -0.241823 
0.98359 0.550349 0.449748 0.719006 -0.0526316 0.797178 -0.896095 0.412222 
0.754082 0.661835 0.280415 0.553715 0.223053 0.295764 0.336881 -0.305071 
0.885246 0.748798 0.509985 0.650673 -0.22807 0.802818 -1 0.894929 
0.163926 -0.304341 0.669511 0.835796 0.799509 0.0281675 -0.86279 -0.32963 
0.0819687 0.578106 0.145304 0.966932 0.348386 0.408453 -0.176429 0.440456 
0.286322 0.487924 0.601126 0.289243 -0.453649 0.22535 -0.844308 -0.244188 
0.0163754 -0.406913 0.746044 0.80495 0.122807 -0.154936 0.753521 0.0723647 
0.0491721 0.381646 0.661363 0.85123 0.323298 0.197172 -0.86279 -0.241823 
0.147539 0.613532 0.0053037 0.867753 -0.22807 0.450709 -0.933946 0.432108 
0.0580081 0.478266 0.555556 0.696954 -0.127825 -0.77464 -0.86279 -0.669174 
0.0415294 -0.661835 0.682548 0.820384 0.450281 -0.688255 0.992038 0.756011 
0.606555 0.478902 0.646726 0.272721 -0.22807 0.66197 -0.960301 0.863248 
0.0327852 0.20837 0.77283 0.719006 0.284737 -0.024914 -0.86279 -0.46245 
0.0262213 -0.207735 0.646726 0.88682 0.398491 -0.556813 0.986612 0.624217 
0.622942 0.330109 0.234578 0.487603 -0.0526316 0.323941 -0.86279 -0.669174 
0.147539 -0.543478 0.180237 0.496419 0.403509 -0.0178351 -0.493509 -0.193134 
0.0568147 0.352658 0.0541333 0.882077 0.223053 0.0660856 -1 0.894929 
0.0568147 -0.0531392 0.595052 0.735529 -0.127825 -0.0281675 -0.522364 0.51906 
0.180313 0.516912 0.513215 0.406218 -0.578947 0.521123 -0.502885 0.546895 
0.147539 -0.0305904 1 0.835796 0.323298 -0.0835757 -0.953226 0.561453 
-0.0196803 -0.594203 0.640207 0.603304 0.223053 -0.609382 0.30603 -0.347607 
0.27868 0.13043 0.153452 0.404945 -0.253123 0.140837 -0.571115 -0.993678 
0.393434 0.893722 0.216919 0.289243 -0.328316 0.33802 0.984283 1 
0.606555 0.54203 0.259259 0.459626 0.0225614 0.436611 -0.29366 -0.92753 
0.590145 0.468595 0.703704 0.637622 0.239754 0.366197 0.540513 -0.0692023 
0.0655589 -0.0627972 -0.227526 0.669417 0.122807 0.0140887 -0.824538 -0.246667 
0.0327852 0.381646 0.576711 0.85123 -0.102772 -0.813643 -0.424758 -0.992558 
0.622942 0.816431 0.174607 0.42149 -0.278211 0.507044 -0.525919 0.521681 
0.557371 0.675213 0.338281 0.652894 0.14786 0.732384 -0.943463 0.682308 
0.377047 0.826089 0.365067 0.355355 -0.378456 0.169015 0.937507 0.818006 
0.0568147 -0.167601 0.322756 0.801641 0.598982 -0.352118 -0.86279 -0.241823 
0.928944 0.758456 0.509985 0.603304 -0.203018 0.802818 -1 0.894929 
0.0163754 0.0144937 0.428563 0.959227 0.448632 -0.222096 0.678492 0.0225641 
0.63825 0.468595 0.30483 0.471057 0.0418246 0.547408 -0.86279 -0.588034 
0.557371 0.420291 0.282044 0.371901 0.0726667 0.323941 0.134871 -0.583533 
0.0491721 -0.0635411 0.957659 0.619827 0.298246 -0.464788 0.407295 -0.209202 
0.0983556 0.0144937 0.492059 0.801641 0.0726667 -0.507044 -0.115516 -0.815578 
0.0262213 -0.177137 0.809511 0.5427 0.273193 -0.478867 0.374053 -0.253875 
0.885246 0.420291 0.238104 0.669417 0.172947 0.690128 -0.86279 -0.669174 
0.118024 0.194844 0.5344 0.727823 0.423544 0.464788 -0.826346 0.423248 
0.721309 0.641221 0.373215 0.480984 -0.444 0.816897 -0.861231 0.784217 
0.409821 0.932367 0.449748 0.305789 -0.328316 0.267606 0.956529 0.93698 
0.114742 0.0280203 0.0617185 0.866665 0.403509 -0.29389 -0.744332 0.489858 
0.409821 0.352658 0.282044 0.511831 -0.553895 0.718305 -0.218361 0.454644 
0.131129 0.420291 -0.269837 0.90082 0.298246 0.33802 -0.961874 0.810655 
0.0655589 0.391304 0.513215 0.85123 0.0148421 -0.788739 -0.86279 -0.669174 
0.360637 0.487924 0.239496 0.295861 -0.253123 0.406107 0.677702 0.0220513 
0.836063 0.690823 0.654311 0.685939 -0.0121404 0.88731 -0.739114 0.494131 
0.148618 0.400962 0.0687704 -0.359197 0.223053 0.633793 -0.0208206 0.387806 
0.229496 0.256038 -0.121689 0.85123 -0.0275789 -0.309862 -1 0.894929 
0.524575 0.516912 0.53277 0.681542 0.047614 0.760562 -0.950193 0.617493 
-0.0196803 -0.688889 0.654311 0.815641 0.286561 -0.543661 0.951478 0.248234 
0.131129 0.652177 0.174607 0.818163 0.423544 0.0281675 -1 0.894929 
0.885246 0.710152 0.7672 0.619827 -0.0776842 0.824488 -1 0.894929 
0.91802 0.52657 0.4416 0.650673 -0.102772 0.985901 -0.942598 0.488262 
0.51583 0.62319 0.386252 0.450138 0.257754 0.366197 0.235263 -0.445128 

