0 0.428487 0.501569 0.432967
1 0.401918 0.458354 0.413138
2 0.386073 0.43604 0.399764
3 0.372323 0.419435 0.387982
4 0.359311 0.405432 0.37705
5 0.346895 0.393197 0.366941
6 0.335155 0.382412 0.35773
7 0.324188 0.372905 0.349471
8 0.314066 0.364555 0.342178
9 0.304833 0.357262 0.335827
10 0.296496 0.350931 0.330361
11 0.289037 0.345468 0.325699
12 0.282408 0.340774 0.321744
13 0.276543 0.336751 0.318392
14 0.271364 0.333299 0.315539
15 0.266787 0.330326 0.313087
16 0.262732 0.327746 0.310952
17 0.259119 0.325485 0.30906
18 0.255881 0.323477 0.307349
19 0.252954 0.321668 0.305773
20 0.250286 0.320015 0.304293
21 0.247833 0.318483 0.302882
22 0.245556 0.317042 0.30152
23 0.243424 0.315673 0.300193
24 0.241413 0.314359 0.298892
25 0.239502 0.313087 0.297613
26 0.237675 0.311849 0.296352
27 0.235917 0.310639 0.29511
28 0.23422 0.309452 0.293888
29 0.232576 0.308286 0.292688
30 0.230978 0.307139 0.291513
31 0.229422 0.306011 0.290365
32 0.227905 0.304901 0.289247
33 0.226424 0.30381 0.288161
34 0.224977 0.302737 0.287109
35 0.223563 0.301684 0.286092
36 0.222181 0.30065 0.285112
37 0.22083 0.299637 0.284169
38 0.21951 0.298643 0.283263
39 0.218219 0.29767 0.282394
40 0.216957 0.296718 0.281561
41 0.215723 0.295785 0.280764
42 0.214516 0.294873 0.280002
43 0.213336 0.29398 0.279274
44 0.212181 0.293107 0.278578
45 0.211052 0.292253 0.277913
46 0.209947 0.291417 0.277277
47 0.208865 0.290599 0.27667
48 0.207805 0.289798 0.276088
49 0.206767 0.289014 0.275532
50 0.205749 0.288245 0.274999
51 0.204751 0.287492 0.274488
52 0.203772 0.286752 0.273998
53 0.202811 0.286027 0.273526
54 0.201867 0.285315 0.273073
55 0.20094 0.284615 0.272637
