8 0.0833333333333 0.510795
8 0.0694444444444 0.510048
8 0.0578703703704 0.513152
8 0.048225308642 0.512218
8 0.0401877572016 0.504986
8 0.033489797668 0.503041
8 0.0279081647234 0.504656
8 0.0232568039361 0.500451
8 0.0193806699468 0.499455
8 0.016150558289 0.501514
16 0.0833333333333 0.509672
16 0.0694444444444 0.500348
16 0.0578703703704 0.498466
16 0.048225308642 0.493956
16 0.0401877572016 0.488928
16 0.033489797668 0.486495
16 0.0279081647234 0.482673
16 0.0232568039361 0.477161
16 0.0193806699468 0.480352
16 0.016150558289 0.4761
24 0.0833333333333 0.52642
24 0.0694444444444 0.515071
24 0.0578703703704 0.502456
24 0.048225308642 0.497117
24 0.0401877572016 0.491759
24 0.033489797668 0.48894
24 0.0279081647234 0.485765
24 0.0232568039361 0.482447
24 0.0193806699468 0.475031
24 0.016150558289 0.472235
32 0.0833333333333 0.549641
32 0.0694444444444 0.526343
32 0.0578703703704 0.5123
32 0.048225308642 0.502707
32 0.0401877572016 0.497186
32 0.033489797668 0.493432
32 0.0279081647234 0.481923
32 0.0232568039361 0.479519
32 0.0193806699468 0.473801
32 0.016150558289 0.472758
40 0.0833333333333 0.57835
40 0.0694444444444 0.548315
40 0.0578703703704 0.526532
40 0.048225308642 0.510276
40 0.0401877572016 0.498865
40 0.033489797668 0.492547
40 0.0279081647234 0.486934
40 0.0232568039361 0.483315
40 0.0193806699468 0.479593
40 0.016150558289 0.475696
48 0.0833333333333 0.603669
48 0.0694444444444 0.570206
48 0.0578703703704 0.540729
48 0.048225308642 0.522834
48 0.0401877572016 0.506937
48 0.033489797668 0.499842
48 0.0279081647234 0.490816
48 0.0232568039361 0.484856
48 0.0193806699468 0.484734
48 0.016150558289 0.478195
56 0.0833333333333 0.625499
56 0.0694444444444 0.589079
56 0.0578703703704 0.559866
56 0.048225308642 0.536026
56 0.0401877572016 0.517409
56 0.033489797668 0.500948
56 0.0279081647234 0.49542
56 0.0232568039361 0.490265
56 0.0193806699468 0.48626
56 0.016150558289 0.478195
64 0.0833333333333 0.653944
64 0.0694444444444 0.611938