0 50.2959 50.2959 49.537
1 50.8876 50.8876 50.463
2 51.4793 51.4793 51.3889
3 49.1124 49.1124 50.463
4 50.8876 50.8876 51.8519
5 52.6627 52.6627 52.3148
6 51.4793 51.4793 52.5463
7 52.071 52.071 53.0093
8 53.2544 53.2544 52.5463
9 53.8462 53.8462 52.0833
10 53.2544 53.2544 51.3889
11 52.6627 52.6627 50.9259
12 53.8462 53.8462 52.0833
13 55.0296 55.0296 52.0833
14 55.0296 55.0296 52.3148
15 55.0296 55.0296 52.5463
16 55.0296 55.0296 51.6204
17 55.0296 55.0296 52.7778
18 55.6213 55.6213 53.2407
19 56.213 56.213 53.4722
20 57.3964 57.3964 54.3981
21 57.3964 57.3964 54.8611
22 58.5799 58.5799 55.5556
23 59.1716 59.1716 56.25
24 61.5385 61.5385 57.1759
25 62.7219 62.7219 58.3333
26 62.7219 62.7219 58.5648
27 65.0888 65.0888 60.1852
28 65.6805 65.6805 60.8796
29 66.8639 66.8639 61.5741
30 66.8639 66.8639 61.5741
31 68.0473 68.0473 62.5
32 68.6391 68.6391 62.963
33 69.2308 69.2308 63.6574
34 68.6391 68.6391 62.963
35 68.0473 68.0473 63.1944
36 68.0473 68.0473 63.1944
37 68.0473 68.0473 63.1944
38 68.0473 68.0473 62.963
39 68.6391 68.6391 62.963
40 68.6391 68.6391 62.963
41 68.6391 68.6391 62.963
42 68.6391 68.6391 62.963
43 69.2308 69.2308 62.963
44 69.2308 69.2308 62.963
45 69.2308 69.2308 62.963
46 68.6391 68.6391 62.7315
47 68.6391 68.6391 62.5
48 69.2308 69.2308 62.2685
49 69.2308 69.2308 62.2685
50 69.2308 69.2308 62.037
51 69.2308 69.2308 62.037
52 69.2308 69.2308 62.037
53 69.2308 69.2308 62.037
54 69.2308 69.2308 61.8056
55 69.2308 69.2308 61.8056
56 69.2308 69.2308 61.8056
57 69.2308 69.2308 61.8056
58 69.2308 69.2308 61.8056
59 69.2308 69.2308 61.8056
60 68.6391 68.6391 61.5741
61 68.6391 68.6391 61.5741
62 68.6391 68.6391 61.8056
63 68.6391 68.6391 62.037
64 68.6391 68.6391 62.037
65 68.6391 68.6391 62.037
66 68.6391 68.6391 62.037
67 68.6391 68.6391 62.037
68 68.6391 68.6391 62.2685
69 68.6391 68.6391 62.2685
70 68.6391 68.6391 62.2685
71 68.6391 68.6391 62.2685
72 68.6391 68.6391 62.037
73 69.8225 69.8225 62.5
74 69.8225 69.8225 62.7315
75 70.4142 70.4142 63.4259
76 70.4142 70.4142 63.8889
77 71.0059 71.0059 64.5833
78 73.9645 73.9645 65.5093
79 75.1479 75.1479 65.9722
80 76.3314 76.3314 66.8981
81 77.5148 77.5148 67.3611
82 78.1065 78.1065 67.5926
83 78.6982 78.6982 68.5185
84 79.8817 79.8817 68.9815
85 82.2485 82.2485 71.0648
86 82.8402 82.8402 72.6852
87 84.6154 84.6154 74.7685
88 85.7988 85.7988 76.8519
89 87.574 87.574 79.3981
90 89.3491 89.3491 81.25
91 89.9408 89.9408 81.713
92 89.9408 89.9408 82.4074
93 90.5325 90.5325 83.3333
94 91.1243 91.1243 84.9537
95 92.3077 92.3077 86.1111
96 92.8994 92.8994 86.5741
97 92.8994 92.8994 87.2685
98 93.4911 93.4911 88.1944
99 94.0828 94.0828 89.1204
100 94.6746 94.6746 90.0463
101 96.4497 96.4497 91.6667
102 97.0414 97.0414 92.3611
103 97.0414 97.0414 92.8241
104 98.2249 98.2249 94.213
105 99.4083 99.4083 95.1389
106 99.4083 99.4083 96.2963
107 99.4083 99.4083 96.2963
108 99.4083 99.4083 96.7593
109 99.4083 99.4083 97.6852
110 100 100 98.8426
111 100 100 98.8426
112 100 100 99.0741
113 100 100 99.3056
114 100 100 99.7685
115 100 100 100
116 100 100 100
117 100 100 100
118 100 100 100
119 100 100 100
120 100 100 100
121 100 100 100
122 100 100 100
123 100 100 100
124 100 100 100
125 100 100 100
126 100 100 100
127 100 100 100
128 100 100 100
129 100 100 100
130 100 100 100
131 100 100 100
132 100 100 100
133 100 100 100
134 100 100 100
135 100 100 100
136 100 100 100
137 100 100 100
138 100 100 100
139 100 100 100
140 100 100 100
141 100 100 100
142 100 100 100
143 100 100 100
144 100 100 100
145 100 100 100
146 100 100 100
147 100 100 100
148 100 100 100
149 100 100 100
