0 0.112378 0.112378 0.123809
1 0.104531 0.104531 0.119206
2 0.0993882 0.0993882 0.116759
3 0.0954415 0.0954415 0.115031
4 0.0921437 0.0921437 0.113495
5 0.0892948 0.0892948 0.111977
6 0.0868172 0.0868172 0.11044
7 0.0846714 0.0846714 0.108898
8 0.082826 0.082826 0.107379
9 0.0812482 0.0812482 0.105912
10 0.0799026 0.0799026 0.104519
11 0.0787536 0.0787536 0.103214
12 0.0777672 0.0777672 0.102004
13 0.0769129 0.0769129 0.100891
14 0.0761644 0.0761644 0.0998714
15 0.0755001 0.0755001 0.0989406
16 0.0749021 0.0749021 0.0980913
17 0.0743562 0.0743562 0.0973159
18 0.0738512 0.0738512 0.0966067
19 0.0733784 0.0733784 0.0959561
20 0.0729308 0.0729308 0.0953569
21 0.072503 0.072503 0.0948026
22 0.0720911 0.0720911 0.0942871
23 0.0716917 0.0716917 0.0938052
24 0.0713023 0.0713023 0.093352
25 0.0709211 0.0709211 0.0929234
26 0.0705466 0.0705466 0.0925155
27 0.0701774 0.0701774 0.092125
28 0.0698128 0.0698128 0.0917488
29 0.0694518 0.0694518 0.0913842
30 0.0690936 0.0690936 0.0910287
31 0.0687375 0.0687375 0.0906798
32 0.0683829 0.0683829 0.0903353
33 0.0680287 0.0680287 0.089993
34 0.0676743 0.0676743 0.0896507
35 0.0673185 0.0673185 0.0893063
36 0.0669602 0.0669602 0.0889575
37 0.0665981 0.0665981 0.088602
38 0.0662306 0.0662306 0.0882374
39 0.0658561 0.0658561 0.0878612
40 0.0654726 0.0654726 0.0874709
41 0.0650777 0.0650777 0.0870634
42 0.064669 0.064669 0.086636
43 0.0642436 0.0642436 0.0861853
44 0.0637981 0.0637981 0.085708
45 0.063329 0.063329 0.0852005
46 0.0628322 0.0628322 0.0846591
47 0.0623033 0.0623033 0.0840799
48 0.0617376 0.0617376 0.0834591
49 0.0611301 0.0611301 0.0827929
50 0.0604756 0.0604756 0.0820776
51 0.0597689 0.0597689 0.0813101
52 0.0590053 0.0590053 0.0804876
53 0.0581805 0.0581805 0.0796084
54 0.0572914 0.0572914 0.0786718
55 0.0563364 0.0563364 0.0776787
56 0.0553158 0.0553158 0.0766311
57 0.0542321 0.0542321 0.0755331
58 0.0530903 0.0530903 0.0743904
59 0.0518979 0.0518979 0.0732101
60 0.0506643 0.0506643 0.0720007
61 0.0494006 0.0494006 0.0707719
62 0.0481189 0.0481189 0.0695339
63 0.0468317 0.0468317 0.0682975
64 0.0455513 0.0455513 0.0670735
65 0.0442896 0.0442896 0.0658726
66 0.0430578 0.0430578 0.0647048
67 0.0418655 0.0418655 0.0635795
68 0.0407215 0.0407215 0.062505
69 0.0396328 0.0396328 0.0614883
70 0.038605 0.038605 0.0605349
71 0.0376421 0.0376421 0.0596486
72 0.0367465 0.0367465 0.0588316
73 0.0359193 0.0359193 0.0580846
74 0.0351601 0.0351601 0.0574065
75 0.0344671 0.0344671 0.0567953
76 0.0338378 0.0338378 0.0562473
77 0.0332689 0.0332689 0.0557584
78 0.0327562 0.0327562 0.0553236
79 0.0322953 0.0322953 0.0549373
80 0.0318815 0.0318815 0.0545941
81 0.0315102 0.0315102 0.0542882
82 0.0311766 0.0311766 0.0540141
83 0.0308762 0.0308762 0.0537665
84 0.0306048 0.0306048 0.0535406
85 0.0303583 0.0303583 0.0533317
86 0.0301331 0.0301331 0.053136
87 0.0299258 0.0299258 0.0529497
88 0.0297336 0.0297336 0.0527698
89 0.0295536 0.0295536 0.0525934
90 0.0293836 0.0293836 0.0524182
91 0.0292216 0.0292216 0.0522424
92 0.0290657 0.0290657 0.0520642
93 0.0289143 0.0289143 0.0518822
94 0.0287661 0.0287661 0.0516954
95 0.0286199 0.0286199 0.0515028
96 0.0284747 0.0284747 0.0513036
97 0.0283297 0.0283297 0.0510972
98 0.0281839 0.0281839 0.0508832
99 0.0280369 0.0280369 0.0506612
100 0.0278879 0.0278879 0.0504307
101 0.0277364 0.0277364 0.0501916
102 0.0275821 0.0275821 0.0499435
103 0.0274244 0.0274244 0.0496864
104 0.027263 0.027263 0.0494199
105 0.0270975 0.0270975 0.049144
106 0.0269277 0.0269277 0.0488585
107 0.0267531 0.0267531 0.0485632
108 0.0265735 0.0265735 0.0482579
109 0.0263888 0.0263888 0.0479427
110 0.0261985 0.0261985 0.0476172
111 0.0260024 0.0260024 0.0472815
112 0.0258005 0.0258005 0.0469353
113 0.0255923 0.0255923 0.0465786
114 0.0253779 0.0253779 0.0462113
115 0.025157 0.025157 0.0458334
116 0.0249294 0.0249294 0.0454449
117 0.0246952 0.0246952 0.0450457
118 0.0244541 0.0244541 0.0446359
119 0.0242063 0.0242063 0.0442157
120 0.0239517 0.0239517 0.0437851
121 0.0236904 0.0236904 0.0433444
122 0.0234225 0.0234225 0.0428939
123 0.0231483 0.0231483 0.042434
124 0.0228678 0.0228678 0.0419649
125 0.0225816 0.0225816 0.0414873
126 0.0222899 0.0222899 0.0410017
127 0.0219932 0.0219932 0.0405087
128 0.0216921 0.0216921 0.040009
129 0.021387 0.021387 0.0395034
130 0.0210787 0.0210787 0.0389927
131 0.0207679 0.0207679 0.0384778
132 0.0204552 0.0204552 0.0379596
133 0.0201414 0.0201414 0.037439
134 0.0198274 0.0198274 0.0369171
135 0.0195138 0.0195138 0.0363948
136 0.0192016 0.0192016 0.0358732
137 0.0188914 0.0188914 0.0353531
138 0.018584 0.018584 0.0348356
139 0.0182801 0.0182801 0.0343217
140 0.0179805 0.0179805 0.0338121
141 0.0176856 0.0176856 0.0333079
142 0.017396 0.017396 0.0328098
143 0.0171122 0.0171122 0.0323186
144 0.0168347 0.0168347 0.031835
145 0.0165636 0.0165636 0.0313595
146 0.0162994 0.0162994 0.0308929
147 0.0160422 0.0160422 0.0304355
148 0.0157922 0.0157922 0.0299877
149 0.0155494 0.0155494 0.02955
150 0.0153138 0.0153138 0.0291225
151 0.0150854 0.0150854 0.0287055
152 0.0148641 0.0148641 0.0282992
153 0.0146499 0.0146499 0.0279035
154 0.0144425 0.0144425 0.0275185
155 0.0142418 0.0142418 0.0271442
156 0.0140476 0.0140476 0.0267805
157 0.0138596 0.0138596 0.0264272
158 0.0136777 0.0136777 0.0260842
159 0.0135016 0.0135016 0.0257513
160 0.013331 0.013331 0.0254282
161 0.0131657 0.0131657 0.0251148
162 0.0130054 0.0130054 0.0248106
163 0.0128499 0.0128499 0.0245154
164 0.012699 0.012699 0.024229
165 0.0125525 0.0125525 0.023951
166 0.01241 0.01241 0.0236811
167 0.0122714 0.0122714 0.0234189
168 0.0121365 0.0121365 0.0231642
169 0.0120051 0.0120051 0.0229166
170 0.011877 0.011877 0.0226758
171 0.011752 0.011752 0.0224415
172 0.0116299 0.0116299 0.0222134
173 0.0115106 0.0115106 0.0219913
174 0.011394 0.011394 0.0217747
175 0.0112798 0.0112798 0.0215634
176 0.0111679 0.0111679 0.0213571
177 0.0110583 0.0110583 0.0211556
178 0.0109507 0.0109507 0.0209586
179 0.0108451 0.0108451 0.0207659
180 0.0107413 0.0107413 0.0205772
181 0.0106393 0.0106393 0.0203922
182 0.0105389 0.0105389 0.0202108
183 0.01044 0.01044 0.0200328
184 0.0103425 0.0103425 0.0198578
185 0.0102464 0.0102464 0.0196858
186 0.0101515 0.0101515 0.0195164
187 0.0100578 0.0100578 0.0193496
188 0.00996521 0.00996521 0.0191852
189 0.00987362 0.00987362 0.019023
190 0.00978297 0.00978297 0.0188628
191 0.0096932 0.0096932 0.0187044
192 0.00960426 0.00960426 0.0185478
193 0.00951607 0.00951607 0.0183928
194 0.0094286 0.0094286 0.0182392
195 0.00934178 0.00934178 0.0180869
196 0.00925559 0.00925559 0.0179359
197 0.00916997 0.00916997 0.017786
198 0.00908489 0.00908489 0.0176371
199 0.00900033 0.00900033 0.0174891
200 0.00891625 0.00891625 0.0173419
201 0.00883263 0.00883263 0.0171955
202 0.00874946 0.00874946 0.0170498
203 0.00866672 0.00866672 0.0169047
204 0.0085844 0.0085844 0.0167602
205 0.00850249 0.00850249 0.0166162
206 0.00842099 0.00842099 0.0164727
207 0.0083399 0.0083399 0.0163297
208 0.00825923 0.00825923 0.0161871
209 0.00817897 0.00817897 0.016045
210 0.00809914 0.00809914 0.0159033
211 0.00801975 0.00801975 0.015762
212 0.00794081 0.00794081 0.0156211
213 0.00786233 0.00786233 0.0154806
214 0.00778433 0.00778433 0.0153405
215 0.00770683 0.00770683 0.0152009
216 0.00762985 0.00762985 0.0150618
217 0.00755339 0.00755339 0.0149232
218 0.00747748 0.00747748 0.014785
219 0.00740215 0.00740215 0.0146474
220 0.0073274 0.0073274 0.0145104
221 0.00725326 0.00725326 0.014374
222 0.00717974 0.00717974 0.0142382
223 0.00710686 0.00710686 0.0141031
224 0.00703463 0.00703463 0.0139687
225 0.00696308 0.00696308 0.0138351
226 0.00689222 0.00689222 0.0137022
227 0.00682205 0.00682205 0.0135701
228 0.0067526 0.0067526 0.0134389
229 0.00668387 0.00668387 0.0133085
230 0.00661587 0.00661587 0.0131791
231 0.00654861 0.00654861 0.0130506
232 0.0064821 0.0064821 0.0129231
233 0.00641635 0.00641635 0.0127966
234 0.00635135 0.00635135 0.0126711
235 0.00628712 0.00628712 0.0125466
236 0.00622365 0.00622365 0.0124232
237 0.00616095 0.00616095 0.0123009
238 0.00609901 0.00609901 0.0121797
239 0.00603784 0.00603784 0.0120597
240 0.00597744 0.00597744 0.0119408
241 0.0059178 0.0059178 0.011823
242 0.00585892 0.00585892 0.0117064
243 0.00580079 0.00580079 0.0115909
244 0.00574341 0.00574341 0.0114767
245 0.00568678 0.00568678 0.0113636
246 0.00563089 0.00563089 0.0112518
247 0.00557573 0.00557573 0.0111411
248 0.0055213 0.0055213 0.0110316
249 0.00546758 0.00546758 0.0109233
250 0.00541458 0.00541458 0.0108163
251 0.00536227 0.00536227 0.0107104
252 0.00531067 0.00531067 0.0106057
253 0.00525974 0.00525974 0.0105022
254 0.0052095 0.0052095 0.0103999
255 0.00515992 0.00515992 0.0102988
256 0.005111 0.005111 0.0101988
257 0.00506273 0.00506273 0.0101
258 0.0050151 0.0050151 0.0100024
259 0.00496811 0.00496811 0.00990587
260 0.00492173 0.00492173 0.00981052
261 0.00487597 0.00487597 0.0097163
262 0.00483081 0.00483081 0.0096232
263 0.00478625 0.00478625 0.00953122
264 0.00474227 0.00474227 0.00944033
265 0.00469887 0.00469887 0.00935053
266 0.00465603 0.00465603 0.00926182
267 0.00461376 0.00461376 0.00917417
268 0.00457203 0.00457203 0.00908757
269 0.00453084 0.00453084 0.00900202
270 0.00449019 0.00449019 0.00891751
271 0.00445006 0.00445006 0.00883401
272 0.00441044 0.00441044 0.00875153
273 0.00437133 0.00437133 0.00867004
274 0.00433272 0.00433272 0.00858954
275 0.0042946 0.0042946 0.00851002
276 0.00425697 0.00425697 0.00843146
277 0.00421981 0.00421981 0.00835385
278 0.00418312 0.00418312 0.00827717
279 0.00414689 0.00414689 0.00820143
280 0.00411111 0.00411111 0.00812661
281 0.00407578 0.00407578 0.00805268
282 0.00404089 0.00404089 0.00797966
283 0.00400644 0.00400644 0.00790751
284 0.0039724 0.0039724 0.00783624
285 0.00393879 0.00393879 0.00776583
286 0.00390559 0.00390559 0.00769627
287 0.0038728 0.0038728 0.00762755
288 0.00384041 0.00384041 0.00755966
289 0.00380841 0.00380841 0.00749258
290 0.00377681 0.00377681 0.00742631
291 0.00374558 0.00374558 0.00736084
292 0.00371473 0.00371473 0.00729616
293 0.00368426 0.00368426 0.00723226
294 0.00365414 0.00365414 0.00716912
295 0.00362439 0.00362439 0.00710674
296 0.003595 0.003595 0.00704511
297 0.00356596 0.00356596 0.00698421
298 0.00353726 0.00353726 0.00692405
299 0.0035089 0.0035089 0.0068646
300 0.00348088 0.00348088 0.00680587
301 0.00345318 0.00345318 0.00674784
302 0.00342582 0.00342582 0.0066905
303 0.00339877 0.00339877 0.00663384
304 0.00337205 0.00337205 0.00657786
305 0.00334563 0.00334563 0.00652255
306 0.00331952 0.00331952 0.0064679
307 0.00329372 0.00329372 0.00641389
308 0.00326822 0.00326822 0.00636053
309 0.00324301 0.00324301 0.0063078
310 0.0032181 0.0032181 0.00625569
311 0.00319347 0.00319347 0.0062042
312 0.00316912 0.00316912 0.00615333
313 0.00314506 0.00314506 0.00610305
314 0.00312127 0.00312127 0.00605337
315 0.00309776 0.00309776 0.00600427
316 0.00307451 0.00307451 0.00595576
317 0.00305153 0.00305153 0.00590781
318 0.00302881 0.00302881 0.00586043
319 0.00300635 0.00300635 0.00581361
320 0.00298414 0.00298414 0.00576733
321 0.00296219 0.00296219 0.0057216
322 0.00294048 0.00294048 0.00567641
323 0.00291902 0.00291902 0.00563175
324 0.0028978 0.0028978 0.00558761
325 0.00287682 0.00287682 0.00554398
326 0.00285608 0.00285608 0.00550086
327 0.00283557 0.00283557 0.00545825
328 0.00281528 0.00281528 0.00541613
329 0.00279523 0.00279523 0.0053745
330 0.0027754 0.0027754 0.00533336
331 0.00275579 0.00275579 0.00529269
332 0.00273639 0.00273639 0.0052525
333 0.00271722 0.00271722 0.00521277
334 0.00269825 0.00269825 0.0051735
335 0.0026795 0.0026795 0.00513468
336 0.00266095 0.00266095 0.00509631
337 0.00264261 0.00264261 0.00505838
338 0.00262447 0.00262447 0.00502089
339 0.00260653 0.00260653 0.00498382
340 0.00258878 0.00258878 0.00494719
341 0.00257123 0.00257123 0.00491097
342 0.00255388 0.00255388 0.00487516
343 0.00253671 0.00253671 0.00483977
344 0.00251973 0.00251973 0.00480477
345 0.00250293 0.00250293 0.00477017
346 0.00248632 0.00248632 0.00473597
347 0.00246989 0.00246989 0.00470215
348 0.00245363 0.00245363 0.00466872
349 0.00243755 0.00243755 0.00463566
350 0.00242165 0.00242165 0.00460298
351 0.00240591 0.00240591 0.00457066
352 0.00239035 0.00239035 0.00453871
353 0.00237495 0.00237495 0.00450711
354 0.00235972 0.00235972 0.00447587
355 0.00234465 0.00234465 0.00444497
356 0.00232974 0.00232974 0.00441442
357 0.002315 0.002315 0.00438421
358 0.0023004 0.0023004 0.00435434
359 0.00228597 0.00228597 0.00432479
360 0.00227168 0.00227168 0.00429557
361 0.00225755 0.00225755 0.00426668
362 0.00224357 0.00224357 0.0042381
363 0.00222974 0.00222974 0.00420983
364 0.00221605 0.00221605 0.00418188
365 0.0022025 0.0022025 0.00415423
366 0.0021891 0.0021891 0.00412688
367 0.00217584 0.00217584 0.00409982
368 0.00216271 0.00216271 0.00407307
369 0.00214973 0.00214973 0.0040466
370 0.00213687 0.00213687 0.00402041
371 0.00212416 0.00212416 0.00399451
372 0.00211157 0.00211157 0.00396889
373 0.00209912 0.00209912 0.00394354
374 0.00208679 0.00208679 0.00391846
375 0.00207459 0.00207459 0.00389365
376 0.00206251 0.00206251 0.00386911
377 0.00205056 0.00205056 0.00384482
378 0.00203874 0.00203874 0.00382079
379 0.00202703 0.00202703 0.00379702
380 0.00201544 0.00201544 0.00377349
381 0.00200397 0.00200397 0.00375022
382 0.00199262 0.00199262 0.00372718
383 0.00198138 0.00198138 0.00370439
384 0.00197026 0.00197026 0.00368183
385 0.00195925 0.00195925 0.00365951
386 0.00194835 0.00194835 0.00363742
387 0.00193756 0.00193756 0.00361556
388 0.00192687 0.00192687 0.00359392
389 0.0019163 0.0019163 0.00357251
390 0.00190583 0.00190583 0.00355131
391 0.00189546 0.00189546 0.00353033
392 0.0018852 0.0018852 0.00350956
393 0.00187504 0.00187504 0.00348901
394 0.00186498 0.00186498 0.00346866
395 0.00185502 0.00185502 0.00344852
396 0.00184515 0.00184515 0.00342858
397 0.00183538 0.00183538 0.00340884
398 0.00182571 0.00182571 0.0033893
399 0.00181614 0.00181614 0.00336996
400 0.00180665 0.00180665 0.0033508
401 0.00179726 0.00179726 0.00333184
402 0.00178796 0.00178796 0.00331306
403 0.00177875 0.00177875 0.00329447
404 0.00176963 0.00176963 0.00327606
405 0.0017606 0.0017606 0.00325783
406 0.00175165 0.00175165 0.00323978
407 0.00174279 0.00174279 0.00322191
408 0.00173401 0.00173401 0.00320421
409 0.00172532 0.00172532 0.00318668
410 0.00171671 0.00171671 0.00316932
411 0.00170818 0.00170818 0.00315212
412 0.00169973 0.00169973 0.00313509
413 0.00169136 0.00169136 0.00311823
414 0.00168307 0.00168307 0.00310152
415 0.00167485 0.00167485 0.00308497
416 0.00166672 0.00166672 0.00306858
417 0.00165866 0.00165866 0.00305235
418 0.00165067 0.00165067 0.00303626
419 0.00164276 0.00164276 0.00302033
420 0.00163492 0.00163492 0.00300455
421 0.00162715 0.00162715 0.00298891
422 0.00161945 0.00161945 0.00297342
423 0.00161183 0.00161183 0.00295807
424 0.00160427 0.00160427 0.00294286
425 0.00159679 0.00159679 0.0029278
426 0.00158937 0.00158937 0.00291287
427 0.00158202 0.00158202 0.00289807
428 0.00157473 0.00157473 0.00288342
429 0.00156751 0.00156751 0.00286889
430 0.00156035 0.00156035 0.0028545
431 0.00155326 0.00155326 0.00284023
432 0.00154623 0.00154623 0.0028261
433 0.00153927 0.00153927 0.00281209
434 0.00153236 0.00153236 0.0027982
435 0.00152552 0.00152552 0.00278444
436 0.00151873 0.00151873 0.00277081
437 0.00151201 0.00151201 0.00275729
438 0.00150535 0.00150535 0.00274389
439 0.00149874 0.00149874 0.00273061
440 0.00149219 0.00149219 0.00271744
441 0.0014857 0.0014857 0.00270439
442 0.00147926 0.00147926 0.00269145
443 0.00147288 0.00147288 0.00267863
444 0.00146655 0.00146655 0.00266592
445 0.00146028 0.00146028 0.00265331
446 0.00145406 0.00145406 0.00264081
447 0.00144789 0.00144789 0.00262842
448 0.00144178 0.00144178 0.00261614
449 0.00143571 0.00143571 0.00260396
450 0.0014297 0.0014297 0.00259188
451 0.00142374 0.00142374 0.00257991
452 0.00141783 0.00141783 0.00256803
453 0.00141197 0.00141197 0.00255626
454 0.00140615 0.00140615 0.00254458
455 0.00140039 0.00140039 0.002533
456 0.00139467 0.00139467 0.00252152
457 0.001389 0.001389 0.00251013
458 0.00138337 0.00138337 0.00249884
459 0.00137779 0.00137779 0.00248764
460 0.00137226 0.00137226 0.00247653
461 0.00136677 0.00136677 0.00246551
462 0.00136133 0.00136133 0.00245458
463 0.00135593 0.00135593 0.00244374
464 0.00135057 0.00135057 0.00243299
465 0.00134526 0.00134526 0.00242232
466 0.00133999 0.00133999 0.00241174
467 0.00133476 0.00133476 0.00240124
468 0.00132957 0.00132957 0.00239083
469 0.00132442 0.00132442 0.0023805
470 0.00131931 0.00131931 0.00237025
471 0.00131425 0.00131425 0.00236009
472 0.00130922 0.00130922 0.00235
473 0.00130423 0.00130423 0.00233999
474 0.00129928 0.00129928 0.00233006
475 0.00129437 0.00129437 0.00232021
476 0.0012895 0.0012895 0.00231044
477 0.00128466 0.00128466 0.00230074
478 0.00127986 0.00127986 0.00229111
479 0.0012751 0.0012751 0.00228156
480 0.00127037 0.00127037 0.00227208
481 0.00126568 0.00126568 0.00226268
482 0.00126103 0.00126103 0.00225335
483 0.00125641 0.00125641 0.00224408
484 0.00125182 0.00125182 0.00223489
485 0.00124727 0.00124727 0.00222577
486 0.00124275 0.00124275 0.00221672
487 0.00123827 0.00123827 0.00220773
488 0.00123382 0.00123382 0.00219881
489 0.0012294 0.0012294 0.00218996
490 0.00122502 0.00122502 0.00218117
491 0.00122066 0.00122066 0.00217245
492 0.00121634 0.00121634 0.00216379
493 0.00121205 0.00121205 0.0021552
494 0.00120779 0.00120779 0.00214667
495 0.00120356 0.00120356 0.0021382
496 0.00119937 0.00119937 0.0021298
497 0.0011952 0.0011952 0.00212145
498 0.00119106 0.00119106 0.00211317
499 0.00118695 0.00118695 0.00210494
500 0.00118287 0.00118287 0.00209678
501 0.00117882 0.00117882 0.00208867
502 0.0011748 0.0011748 0.00208062
503 0.0011708 0.0011708 0.00207263
504 0.00116684 0.00116684 0.00206469
505 0.0011629 0.0011629 0.00205682
506 0.00115899 0.00115899 0.00204899
507 0.00115511 0.00115511 0.00204123
508 0.00115125 0.00115125 0.00203351
509 0.00114742 0.00114742 0.00202585
510 0.00114361 0.00114361 0.00201825
511 0.00113984 0.00113984 0.0020107
512 0.00113608 0.00113608 0.0020032
513 0.00113236 0.00113236 0.00199575
514 0.00112865 0.00112865 0.00198835
515 0.00112498 0.00112498 0.00198101
516 0.00112132 0.00112132 0.00197371
517 0.0011177 0.0011177 0.00196647
518 0.00111409 0.00111409 0.00195927
519 0.00111051 0.00111051 0.00195212
520 0.00110696 0.00110696 0.00194502
521 0.00110342 0.00110342 0.00193797
522 0.00109992 0.00109992 0.00193097
523 0.00109643 0.00109643 0.00192401
524 0.00109297 0.00109297 0.00191711
525 0.00108952 0.00108952 0.00191024
526 0.00108611 0.00108611 0.00190342
527 0.00108271 0.00108271 0.00189665
528 0.00107933 0.00107933 0.00188993
529 0.00107598 0.00107598 0.00188324
530 0.00107265 0.00107265 0.0018766
531 0.00106934 0.00106934 0.00187001
532 0.00106605 0.00106605 0.00186346
533 0.00106278 0.00106278 0.00185695
534 0.00105954 0.00105954 0.00185048
535 0.00105631 0.00105631 0.00184405
536 0.0010531 0.0010531 0.00183767
537 0.00104991 0.00104991 0.00183133
538 0.00104675 0.00104675 0.00182503
539 0.0010436 0.0010436 0.00181877
540 0.00104047 0.00104047 0.00181255
541 0.00103736 0.00103736 0.00180637
542 0.00103427 0.00103427 0.00180022
543 0.0010312 0.0010312 0.00179412
544 0.00102815 0.00102815 0.00178806
545 0.00102512 0.00102512 0.00178203
546 0.00102211 0.00102211 0.00177604
547 0.00101911 0.00101911 0.00177009
548 0.00101613 0.00101613 0.00176418
549 0.00101317 0.00101317 0.0017583
550 0.00101023 0.00101023 0.00175246
551 0.0010073 0.0010073 0.00174666
552 0.0010044 0.0010044 0.00174089
553 0.00100151 0.00100151 0.00173516
554 0.000998633 0.000998633 0.00172947
555 0.000995777 0.000995777 0.00172381
556 0.000992937 0.000992937 0.00171818
557 0.000990115 0.000990115 0.00171259
558 0.000987309 0.000987309 0.00170703
559 0.000984519 0.000984519 0.0017015
560 0.000981746 0.000981746 0.00169601
561 0.000978988 0.000978988 0.00169056
562 0.000976247 0.000976247 0.00168513
563 0.000973521 0.000973521 0.00167974
564 0.000970811 0.000970811 0.00167438
565 0.000968117 0.000968117 0.00166905
566 0.000965438 0.000965438 0.00166376
567 0.000962774 0.000962774 0.00165849
568 0.000960125 0.000960125 0.00165326
569 0.000957491 0.000957491 0.00164806
570 0.000954872 0.000954872 0.00164289
571 0.000952268 0.000952268 0.00163775
572 0.000949679 0.000949679 0.00163264
573 0.000947104 0.000947104 0.00162756
574 0.000944543 0.000944543 0.00162251
575 0.000941996 0.000941996 0.00161748
576 0.000939464 0.000939464 0.00161249
577 0.000936945 0.000936945 0.00160753
578 0.000934441 0.000934441 0.00160259
579 0.00093195 0.00093195 0.00159769
580 0.000929473 0.000929473 0.00159281
581 0.000927009 0.000927009 0.00158796
582 0.000924559 0.000924559 0.00158314
583 0.000922122 0.000922122 0.00157835
584 0.000919698 0.000919698 0.00157358
585 0.000917288 0.000917288 0.00156884
586 0.00091489 0.00091489 0.00156413
587 0.000912505 0.000912505 0.00155944
588 0.000910133 0.000910133 0.00155478
589 0.000907773 0.000907773 0.00155015
590 0.000905427 0.000905427 0.00154554
591 0.000903092 0.000903092 0.00154096
592 0.00090077 0.00090077 0.00153641
593 0.00089846 0.00089846 0.00153188
594 0.000896162 0.000896162 0.00152737
595 0.000893877 0.000893877 0.00152289
596 0.000891603 0.000891603 0.00151844
597 0.000889341 0.000889341 0.001514
598 0.000887091 0.000887091 0.0015096
599 0.000884853 0.000884853 0.00150522
600 0.000882626 0.000882626 0.00150086
601 0.00088041 0.00088041 0.00149653
602 0.000878206 0.000878206 0.00149222
603 0.000876014 0.000876014 0.00148793
604 0.000873832 0.000873832 0.00148367
605 0.000871662 0.000871662 0.00147943
606 0.000869503 0.000869503 0.00147521
607 0.000867354 0.000867354 0.00147101
608 0.000865217 0.000865217 0.00146684
609 0.00086309 0.00086309 0.00146269
610 0.000860974 0.000860974 0.00145857
611 0.000858869 0.000858869 0.00145446
612 0.000856774 0.000856774 0.00145038
613 0.00085469 0.00085469 0.00144632
614 0.000852616 0.000852616 0.00144228
615 0.000850552 0.000850552 0.00143826
616 0.000848498 0.000848498 0.00143426
617 0.000846455 0.000846455 0.00143029
618 0.000844422 0.000844422 0.00142633
619 0.000842399 0.000842399 0.0014224
620 0.000840385 0.000840385 0.00141848
621 0.000838382 0.000838382 0.00141459
622 0.000836388 0.000836388 0.00141072
623 0.000834404 0.000834404 0.00140687
624 0.00083243 0.00083243 0.00140303
625 0.000830465 0.000830465 0.00139922
626 0.000828509 0.000828509 0.00139543
627 0.000826563 0.000826563 0.00139165
628 0.000824627 0.000824627 0.0013879
629 0.000822699 0.000822699 0.00138417
630 0.000820781 0.000820781 0.00138045
631 0.000818872 0.000818872 0.00137675
632 0.000816972 0.000816972 0.00137308
633 0.000815082 0.000815082 0.00136942
634 0.0008132 0.0008132 0.00136578
635 0.000811327 0.000811327 0.00136216
636 0.000809462 0.000809462 0.00135855
637 0.000807607 0.000807607 0.00135497
638 0.00080576 0.00080576 0.0013514
639 0.000803922 0.000803922 0.00134785
640 0.000802092 0.000802092 0.00134432
641 0.000800271 0.000800271 0.00134081
642 0.000798458 0.000798458 0.00133731
643 0.000796654 0.000796654 0.00133383
644 0.000794858 0.000794858 0.00133037
645 0.000793071 0.000793071 0.00132693
646 0.000791291 0.000791291 0.0013235
647 0.00078952 0.00078952 0.00132009
648 0.000787757 0.000787757 0.0013167
649 0.000786002 0.000786002 0.00131332
650 0.000784254 0.000784254 0.00130996
651 0.000782515 0.000782515 0.00130662
652 0.000780784 0.000780784 0.00130329
653 0.00077906 0.00077906 0.00129998
654 0.000777344 0.000777344 0.00129669
655 0.000775636 0.000775636 0.00129341
656 0.000773936 0.000773936 0.00129015
657 0.000772243 0.000772243 0.0012869
658 0.000770558 0.000770558 0.00128367
659 0.00076888 0.00076888 0.00128046
660 0.00076721 0.00076721 0.00127726
661 0.000765547 0.000765547 0.00127407
662 0.000763892 0.000763892 0.0012709
663 0.000762244 0.000762244 0.00126775
664 0.000760603 0.000760603 0.00126461
665 0.000758969 0.000758969 0.00126149
666 0.000757342 0.000757342 0.00125838
667 0.000755723 0.000755723 0.00125528
668 0.000754111 0.000754111 0.0012522
669 0.000752505 0.000752505 0.00124914
670 0.000750907 0.000750907 0.00124609
671 0.000749316 0.000749316 0.00124305
672 0.000747731 0.000747731 0.00124003
673 0.000746153 0.000746153 0.00123702
674 0.000744583 0.000744583 0.00123403
675 0.000743018 0.000743018 0.00123105
676 0.000741461 0.000741461 0.00122808
677 0.00073991 0.00073991 0.00122513
678 0.000738366 0.000738366 0.00122219
679 0.000736828 0.000736828 0.00121927
680 0.000735297 0.000735297 0.00121636
681 0.000733773 0.000733773 0.00121346
682 0.000732255 0.000732255 0.00121058
683 0.000730743 0.000730743 0.00120771
684 0.000729238 0.000729238 0.00120485
685 0.000727739 0.000727739 0.001202
686 0.000726246 0.000726246 0.00119917
687 0.00072476 0.00072476 0.00119635
688 0.000723279 0.000723279 0.00119355
689 0.000721805 0.000721805 0.00119075
690 0.000720337 0.000720337 0.00118797
691 0.000718876 0.000718876 0.00118521
692 0.00071742 0.00071742 0.00118245
693 0.00071597 0.00071597 0.00117971
694 0.000714526 0.000714526 0.00117698
695 0.000713088 0.000713088 0.00117426
696 0.000711657 0.000711657 0.00117155
697 0.000710231 0.000710231 0.00116886
698 0.00070881 0.00070881 0.00116618
699 0.000707396 0.000707396 0.00116351
700 0.000705987 0.000705987 0.00116085
701 0.000704584 0.000704584 0.0011582
702 0.000703187 0.000703187 0.00115557
703 0.000701795 0.000701795 0.00115295
704 0.00070041 0.00070041 0.00115034
705 0.000699029 0.000699029 0.00114774
706 0.000697654 0.000697654 0.00114515
707 0.000696285 0.000696285 0.00114257
708 0.000694921 0.000694921 0.00114001
709 0.000693563 0.000693563 0.00113745
710 0.00069221 0.00069221 0.00113491
711 0.000690862 0.000690862 0.00113238
712 0.00068952 0.00068952 0.00112986
713 0.000688183 0.000688183 0.00112735
714 0.000686852 0.000686852 0.00112485
715 0.000685526 0.000685526 0.00112236
716 0.000684204 0.000684204 0.00111988
717 0.000682889 0.000682889 0.00111741
718 0.000681578 0.000681578 0.00111496
719 0.000680272 0.000680272 0.00111251
720 0.000678972 0.000678972 0.00111008
721 0.000677676 0.000677676 0.00110765
722 0.000676386 0.000676386 0.00110524
723 0.000675101 0.000675101 0.00110283
724 0.000673821 0.000673821 0.00110044
725 0.000672545 0.000672545 0.00109806
726 0.000671275 0.000671275 0.00109568
727 0.000670009 0.000670009 0.00109332
728 0.000668749 0.000668749 0.00109097
729 0.000667493 0.000667493 0.00108862
730 0.000666242 0.000666242 0.00108629
731 0.000664996 0.000664996 0.00108396
732 0.000663754 0.000663754 0.00108165
733 0.000662517 0.000662517 0.00107935
734 0.000661285 0.000661285 0.00107705
735 0.000660058 0.000660058 0.00107477
736 0.000658836 0.000658836 0.00107249
737 0.000657617 0.000657617 0.00107022
738 0.000656404 0.000656404 0.00106797
739 0.000655195 0.000655195 0.00106572
740 0.000653991 0.000653991 0.00106348
741 0.000652791 0.000652791 0.00106125
742 0.000651596 0.000651596 0.00105903
743 0.000650405 0.000650405 0.00105682
744 0.000649219 0.000649219 0.00105462
745 0.000648037 0.000648037 0.00105243
746 0.000646859 0.000646859 0.00105025
747 0.000645686 0.000645686 0.00104807
748 0.000644517 0.000644517 0.00104591
749 0.000643353 0.000643353 0.00104375
750 0.000642193 0.000642193 0.0010416
751 0.000641037 0.000641037 0.00103946
752 0.000639885 0.000639885 0.00103733
753 0.000638738 0.000638738 0.00103521
754 0.000637595 0.000637595 0.0010331
755 0.000636456 0.000636456 0.00103099
756 0.000635321 0.000635321 0.00102889
757 0.00063419 0.00063419 0.00102681
758 0.000633063 0.000633063 0.00102473
759 0.000631941 0.000631941 0.00102265
760 0.000630823 0.000630823 0.00102059
761 0.000629708 0.000629708 0.00101854
762 0.000628598 0.000628598 0.00101649
763 0.000627491 0.000627491 0.00101445
764 0.000626389 0.000626389 0.00101242
765 0.000625291 0.000625291 0.0010104
766 0.000624196 0.000624196 0.00100838
767 0.000623106 0.000623106 0.00100638
768 0.000622019 0.000622019 0.00100438
769 0.000620936 0.000620936 0.00100239
770 0.000619857 0.000619857 0.00100041
771 0.000618782 0.000618782 0.00099843
772 0.000617711 0.000617711 0.000996463
773 0.000616644 0.000616644 0.000994503
774 0.00061558 0.00061558 0.000992551
775 0.00061452 0.00061452 0.000990606
776 0.000613464 0.000613464 0.000988669
777 0.000612411 0.000612411 0.00098674
778 0.000611362 0.000611362 0.000984818
779 0.000610317 0.000610317 0.000982904
780 0.000609276 0.000609276 0.000980996
781 0.000608238 0.000608238 0.000979097
782 0.000607204 0.000607204 0.000977204
783 0.000606173 0.000606173 0.000975319
784 0.000605146 0.000605146 0.000973441
785 0.000604123 0.000604123 0.00097157
786 0.000603103 0.000603103 0.000969706
787 0.000602087 0.000602087 0.00096785
788 0.000601074 0.000601074 0.000966
789 0.000600064 0.000600064 0.000964158
790 0.000599059 0.000599059 0.000962322
791 0.000598056 0.000598056 0.000960494
792 0.000597057 0.000597057 0.000958672
793 0.000596061 0.000596061 0.000956857
794 0.000595069 0.000595069 0.000955049
795 0.00059408 0.00059408 0.000953248
796 0.000593095 0.000593095 0.000951454
797 0.000592113 0.000592113 0.000949666
798 0.000591134 0.000591134 0.000947886
799 0.000590159 0.000590159 0.000946111
