0 0.108237 0.108237 0.105453
1 0.097825 0.097825 0.0952663
2 0.087848 0.087848 0.0852182
3 0.0784346 0.0784346 0.0755209
4 0.0700005 0.0700005 0.066623
5 0.0628629 0.0628629 0.0588826
6 0.0571031 0.0571031 0.0524493
7 0.0526019 0.0526019 0.0472835
8 0.0491379 0.0491379 0.0432293
9 0.0464761 0.0464761 0.0400882
10 0.0444143 0.0444143 0.0376678
11 0.0427964 0.0427964 0.0358042
12 0.0415071 0.0415071 0.0343669
13 0.0404627 0.0404627 0.0332554
14 0.0396027 0.0396027 0.0323933
15 0.0388831 0.0388831 0.0317233
16 0.0382719 0.0382719 0.0312018
17 0.0377452 0.0377452 0.0307962
18 0.0372857 0.0372857 0.0304815
19 0.0368803 0.0368803 0.0302386
20 0.036519 0.036519 0.0300527
21 0.0361944 0.0361944 0.0299124
22 0.0359006 0.0359006 0.0298086
23 0.0356331 0.0356331 0.0297343
24 0.0353884 0.0353884 0.0296837
25 0.0351636 0.0351636 0.0296523
26 0.0349564 0.0349564 0.0296366
27 0.0347649 0.0347649 0.0296334
28 0.0345875 0.0345875 0.0296404
29 0.0344228 0.0344228 0.0296557
30 0.0342698 0.0342698 0.0296777
31 0.0341275 0.0341275 0.029705
32 0.033995 0.033995 0.0297365
33 0.0338715 0.0338715 0.0297713
34 0.0337563 0.0337563 0.0298087
35 0.0336488 0.0336488 0.0298481
36 0.0335485 0.0335485 0.029889
37 0.0334549 0.0334549 0.0299309
38 0.0333674 0.0333674 0.0299734
39 0.0332856 0.0332856 0.0300163
40 0.0332092 0.0332092 0.0300594
41 0.0331378 0.0331378 0.0301023
42 0.033071 0.033071 0.0301451
43 0.0330086 0.0330086 0.0301874
44 0.0329501 0.0329501 0.0302293
45 0.0328954 0.0328954 0.0302707
46 0.0328441 0.0328441 0.0303113
47 0.0327961 0.0327961 0.0303513
48 0.0327512 0.0327512 0.0303906
49 0.032709 0.032709 0.030429
50 0.0326695 0.0326695 0.0304667
51 0.0326324 0.0326324 0.0305036
52 0.0325976 0.0325976 0.0305396
53 0.0325649 0.0325649 0.0305748
54 0.0325342 0.0325342 0.0306092
55 0.0325054 0.0325054 0.0306427
56 0.0324782 0.0324782 0.0306754
57 0.0324527 0.0324527 0.0307073
58 0.0324287 0.0324287 0.0307385
59 0.032406 0.032406 0.0307688
60 0.0323847 0.0323847 0.0307983
61 0.0323645 0.0323645 0.0308271
62 0.0323455 0.0323455 0.0308551
63 0.0323276 0.0323276 0.0308825
64 0.0323106 0.0323106 0.030909
65 0.0322945 0.0322945 0.0309349
66 0.0322793 0.0322793 0.0309602
67 0.0322649 0.0322649 0.0309847
68 0.0322513 0.0322513 0.0310086
69 0.0322383 0.0322383 0.0310318
70 0.0322259 0.0322259 0.0310545
71 0.0322142 0.0322142 0.0310765
72 0.032203 0.032203 0.031098
73 0.0321923 0.0321923 0.0311188
74 0.0321822 0.0321822 0.0311392
75 0.0321724 0.0321724 0.0311589
76 0.0321631 0.0321631 0.0311782
77 0.0321542 0.0321542 0.0311969
78 0.0321456 0.0321456 0.0312151
79 0.0321374 0.0321374 0.0312328
80 0.0321295 0.0321295 0.0312501
81 0.0321218 0.0321218 0.0312668
82 0.0321145 0.0321145 0.0312832
83 0.0321073 0.0321073 0.031299
84 0.0321005 0.0321005 0.0313145
85 0.0320938 0.0320938 0.0313295
86 0.0320873 0.0320873 0.0313441
87 0.032081 0.032081 0.0313583
88 0.0320748 0.0320748 0.0313721
89 0.0320688 0.0320688 0.0313855
90 0.032063 0.032063 0.0313985
91 0.0320573 0.0320573 0.0314112
92 0.0320516 0.0320516 0.0314235
93 0.0320461 0.0320461 0.0314355
94 0.0320407 0.0320407 0.0314471
95 0.0320354 0.0320354 0.0314584
96 0.0320301 0.0320301 0.0314693
97 0.0320249 0.0320249 0.03148
98 0.0320198 0.0320198 0.0314903
99 0.0320147 0.0320147 0.0315003
100 0.0320096 0.0320096 0.03151
101 0.0320046 0.0320046 0.0315194
102 0.0319996 0.0319996 0.0315285
103 0.0319947 0.0319947 0.0315373
104 0.0319897 0.0319897 0.0315459
105 0.0319848 0.0319848 0.0315542
106 0.0319799 0.0319799 0.0315622
107 0.031975 0.031975 0.0315699
108 0.0319701 0.0319701 0.0315774
109 0.0319652 0.0319652 0.0315847
110 0.0319603 0.0319603 0.0315917
111 0.0319553 0.0319553 0.0315984
112 0.0319504 0.0319504 0.0316049
113 0.0319454 0.0319454 0.0316112
114 0.0319404 0.0319404 0.0316173
115 0.0319354 0.0319354 0.0316231
116 0.0319304 0.0319304 0.0316287
117 0.0319253 0.0319253 0.0316341
118 0.0319202 0.0319202 0.0316392
119 0.0319151 0.0319151 0.0316442
120 0.0319099 0.0319099 0.0316489
121 0.0319047 0.0319047 0.0316535
122 0.0318994 0.0318994 0.0316578
123 0.0318941 0.0318941 0.031662
124 0.0318888 0.0318888 0.0316659
125 0.0318834 0.0318834 0.0316697
126 0.031878 0.031878 0.0316733
127 0.0318725 0.0318725 0.0316767
128 0.031867 0.031867 0.0316799
129 0.0318614 0.0318614 0.031683
130 0.0318557 0.0318557 0.0316858
131 0.0318501 0.0318501 0.0316885
132 0.0318443 0.0318443 0.0316911
133 0.0318385 0.0318385 0.0316934
134 0.0318327 0.0318327 0.0316956
135 0.0318267 0.0318267 0.0316977
136 0.0318208 0.0318208 0.0316996
137 0.0318148 0.0318148 0.0317013
138 0.0318087 0.0318087 0.0317029
139 0.0318025 0.0318025 0.0317043
140 0.0317963 0.0317963 0.0317056
141 0.0317901 0.0317901 0.0317067
142 0.0317838 0.0317838 0.0317077
143 0.0317774 0.0317774 0.0317086
144 0.031771 0.031771 0.0317093
145 0.0317645 0.0317645 0.0317099
146 0.0317579 0.0317579 0.0317104
147 0.0317513 0.0317513 0.0317107
148 0.0317446 0.0317446 0.0317109
149 0.0317379 0.0317379 0.031711
150 0.0317311 0.0317311 0.0317109
151 0.0317243 0.0317243 0.0317108
152 0.0317174 0.0317174 0.0317105
153 0.0317104 0.0317104 0.0317101
154 0.0317034 0.0317034 0.0317096
155 0.0316963 0.0316963 0.031709
156 0.0316892 0.0316892 0.0317083
157 0.031682 0.031682 0.0317075
158 0.0316747 0.0316747 0.0317066
159 0.0316675 0.0316675 0.0317056
160 0.0316601 0.0316601 0.0317044
161 0.0316527 0.0316527 0.0317032
162 0.0316453 0.0316453 0.0317019
163 0.0316377 0.0316377 0.0317005
164 0.0316302 0.0316302 0.0316991
165 0.0316226 0.0316226 0.0316975
166 0.0316149 0.0316149 0.0316959
167 0.0316072 0.0316072 0.0316941
168 0.0315995 0.0315995 0.0316923
169 0.0315917 0.0315917 0.0316904
170 0.0315839 0.0315839 0.0316885
171 0.031576 0.031576 0.0316864
172 0.0315681 0.0315681 0.0316843
173 0.0315601 0.0315601 0.0316822
174 0.0315521 0.0315521 0.0316799
175 0.0315441 0.0315441 0.0316777
176 0.031536 0.031536 0.0316753
177 0.0315279 0.0315279 0.0316729
178 0.0315197 0.0315197 0.0316704
179 0.0315115 0.0315115 0.0316679
180 0.0315033 0.0315033 0.0316653
181 0.031495 0.031495 0.0316627
182 0.0314868 0.0314868 0.03166
183 0.0314784 0.0314784 0.0316573
184 0.0314701 0.0314701 0.0316545
185 0.0314617 0.0314617 0.0316517
186 0.0314533 0.0314533 0.0316489
187 0.0314449 0.0314449 0.031646
188 0.0314365 0.0314365 0.0316431
189 0.031428 0.031428 0.0316402
190 0.0314195 0.0314195 0.0316372
191 0.031411 0.031411 0.0316342
192 0.0314025 0.0314025 0.0316311
193 0.031394 0.031394 0.0316281
194 0.0313854 0.0313854 0.031625
195 0.0313768 0.0313768 0.0316219
196 0.0313683 0.0313683 0.0316188
197 0.0313597 0.0313597 0.0316156
198 0.0313511 0.0313511 0.0316124
199 0.0313424 0.0313424 0.0316093
200 0.0313338 0.0313338 0.0316061
201 0.0313252 0.0313252 0.0316029
202 0.0313166 0.0313166 0.0315997
203 0.0313079 0.0313079 0.0315964
204 0.0312993 0.0312993 0.0315932
205 0.0312906 0.0312906 0.03159
206 0.031282 0.031282 0.0315867
207 0.0312734 0.0312734 0.0315835
208 0.0312647 0.0312647 0.0315802
209 0.0312561 0.0312561 0.031577
210 0.0312474 0.0312474 0.0315737
211 0.0312388 0.0312388 0.0315704
212 0.0312302 0.0312302 0.0315672
213 0.0312215 0.0312215 0.031564
214 0.0312129 0.0312129 0.0315607
215 0.0312043 0.0312043 0.0315575
216 0.0311957 0.0311957 0.0315543
217 0.0311871 0.0311871 0.031551
218 0.0311786 0.0311786 0.0315478
219 0.03117 0.03117 0.0315446
220 0.0311614 0.0311614 0.0315414
221 0.0311529 0.0311529 0.0315382
222 0.0311444 0.0311444 0.0315351
223 0.0311358 0.0311358 0.0315319
224 0.0311273 0.0311273 0.0315288
225 0.0311189 0.0311189 0.0315256
226 0.0311104 0.0311104 0.0315225
227 0.0311019 0.0311019 0.0315194
228 0.0310935 0.0310935 0.0315163
229 0.0310851 0.0310851 0.0315133
230 0.0310767 0.0310767 0.0315102
231 0.0310683 0.0310683 0.0315072
232 0.0310599 0.0310599 0.0315042
233 0.0310516 0.0310516 0.0315011
234 0.0310432 0.0310432 0.0314982
235 0.0310349 0.0310349 0.0314952
236 0.0310266 0.0310266 0.0314922
237 0.0310184 0.0310184 0.0314893
238 0.0310101 0.0310101 0.0314864
239 0.0310019 0.0310019 0.0314835
240 0.0309937 0.0309937 0.0314806
241 0.0309855 0.0309855 0.0314778
242 0.0309773 0.0309773 0.031475
243 0.0309692 0.0309692 0.0314722
244 0.030961 0.030961 0.0314694
245 0.0309529 0.0309529 0.0314666
246 0.0309448 0.0309448 0.0314638
247 0.0309368 0.0309368 0.0314611
248 0.0309287 0.0309287 0.0314584
249 0.0309207 0.0309207 0.0314557
250 0.0309127 0.0309127 0.031453
251 0.0309047 0.0309047 0.0314504
252 0.0308967 0.0308967 0.0314478
253 0.0308887 0.0308887 0.0314451
254 0.0308808 0.0308808 0.0314426
255 0.0308728 0.0308728 0.03144
256 0.0308649 0.0308649 0.0314374
257 0.030857 0.030857 0.0314349
258 0.0308491 0.0308491 0.0314324
259 0.0308413 0.0308413 0.0314299
260 0.0308334 0.0308334 0.0314274
261 0.0308256 0.0308256 0.031425
262 0.0308177 0.0308177 0.0314225
263 0.0308099 0.0308099 0.0314201
264 0.0308021 0.0308021 0.0314177
265 0.0307943 0.0307943 0.0314154
266 0.0307865 0.0307865 0.031413
267 0.0307787 0.0307787 0.0314107
268 0.0307709 0.0307709 0.0314084
269 0.0307632 0.0307632 0.0314061
270 0.0307554 0.0307554 0.0314038
271 0.0307476 0.0307476 0.0314015
272 0.0307399 0.0307399 0.0313993
273 0.0307321 0.0307321 0.031397
274 0.0307243 0.0307243 0.0313948
275 0.0307165 0.0307165 0.0313926
276 0.0307088 0.0307088 0.0313905
277 0.030701 0.030701 0.0313883
278 0.0306932 0.0306932 0.0313862
279 0.0306854 0.0306854 0.031384
280 0.0306776 0.0306776 0.0313819
281 0.0306698 0.0306698 0.0313798
282 0.0306619 0.0306619 0.0313778
283 0.0306541 0.0306541 0.0313757
284 0.0306462 0.0306462 0.0313737
285 0.0306383 0.0306383 0.0313717
286 0.0306304 0.0306304 0.0313696
287 0.0306224 0.0306224 0.0313677
288 0.0306144 0.0306144 0.0313657
289 0.0306064 0.0306064 0.0313637
290 0.0305984 0.0305984 0.0313618
291 0.0305903 0.0305903 0.0313598
292 0.0305821 0.0305821 0.0313579
293 0.030574 0.030574 0.031356
294 0.0305657 0.0305657 0.0313541
295 0.0305575 0.0305575 0.0313523
296 0.0305491 0.0305491 0.0313504
297 0.0305407 0.0305407 0.0313486
298 0.0305323 0.0305323 0.0313467
299 0.0305237 0.0305237 0.0313449
300 0.0305151 0.0305151 0.0313431
301 0.0305065 0.0305065 0.0313413
302 0.0304977 0.0304977 0.0313395
303 0.0304888 0.0304888 0.0313378
304 0.0304799 0.0304799 0.031336
305 0.0304708 0.0304708 0.0313342
306 0.0304617 0.0304617 0.0313325
307 0.0304524 0.0304524 0.0313308
308 0.030443 0.030443 0.031329
309 0.0304334 0.0304334 0.0313273
310 0.0304238 0.0304238 0.0313256
311 0.0304139 0.0304139 0.0313238
312 0.0304039 0.0304039 0.0313221
313 0.0303938 0.0303938 0.0313204
314 0.0303834 0.0303834 0.0313187
315 0.0303729 0.0303729 0.0313169
316 0.0303621 0.0303621 0.0313152
317 0.0303512 0.0303512 0.0313134
318 0.03034 0.03034 0.0313117
319 0.0303285 0.0303285 0.0313099
320 0.0303168 0.0303168 0.0313081
321 0.0303048 0.0303048 0.0313062
322 0.0302925 0.0302925 0.0313044
323 0.0302799 0.0302799 0.0313025
324 0.0302669 0.0302669 0.0313005
325 0.0302536 0.0302536 0.0312985
326 0.0302399 0.0302399 0.0312965
327 0.0302257 0.0302257 0.0312944
328 0.0302112 0.0302112 0.0312922
329 0.0301961 0.0301961 0.0312899
330 0.0301805 0.0301805 0.0312876
331 0.0301644 0.0301644 0.0312851
332 0.0301477 0.0301477 0.0312825
333 0.0301303 0.0301303 0.0312798
334 0.0301123 0.0301123 0.031277
335 0.0300936 0.0300936 0.0312739
336 0.030074 0.030074 0.0312707
337 0.0300537 0.0300537 0.0312673
338 0.0300324 0.0300324 0.0312637
339 0.0300102 0.0300102 0.0312598
340 0.029987 0.029987 0.0312556
341 0.0299627 0.0299627 0.0312511
342 0.0299371 0.0299371 0.0312462
343 0.0299103 0.0299103 0.031241
344 0.0298821 0.0298821 0.0312353
345 0.0298525 0.0298525 0.0312291
346 0.0298212 0.0298212 0.0312224
347 0.0297882 0.0297882 0.0312152
348 0.0297534 0.0297534 0.0312073
349 0.0297166 0.0297166 0.0311987
350 0.0296776 0.0296776 0.0311893
351 0.0296364 0.0296364 0.031179
352 0.0295927 0.0295927 0.0311679
353 0.0295464 0.0295464 0.0311556
354 0.0294973 0.0294973 0.0311423
355 0.0294452 0.0294452 0.0311277
356 0.0293898 0.0293898 0.0311118
357 0.029331 0.029331 0.0310945
358 0.0292685 0.0292685 0.0310756
359 0.0292021 0.0292021 0.0310549
360 0.0291317 0.0291317 0.0310325
361 0.0290569 0.0290569 0.031008
362 0.0289775 0.0289775 0.0309815
363 0.0288934 0.0288934 0.0309528
364 0.0288042 0.0288042 0.0309217
365 0.02871 0.02871 0.0308881
366 0.0286104 0.0286104 0.0308519
367 0.0285054 0.0285054 0.0308131
368 0.0283949 0.0283949 0.0307715
369 0.0282788 0.0282788 0.030727
370 0.0281572 0.0281572 0.0306798
371 0.0280301 0.0280301 0.0306297
372 0.0278976 0.0278976 0.0305769
373 0.02776 0.02776 0.0305214
374 0.0276175 0.0276175 0.0304632
375 0.0274705 0.0274705 0.0304027
376 0.0273192 0.0273192 0.03034
377 0.0271642 0.0271642 0.0302752
378 0.0270058 0.0270058 0.0302088
379 0.0268448 0.0268448 0.0301409
380 0.0266814 0.0266814 0.030072
381 0.0265165 0.0265165 0.0300023
382 0.0263504 0.0263504 0.0299322
383 0.0261838 0.0261838 0.029862
384 0.0260172 0.0260172 0.029792
385 0.0258511 0.0258511 0.0297226
386 0.025686 0.025686 0.0296541
387 0.0255224 0.0255224 0.0295868
388 0.0253606 0.0253606 0.0295208
389 0.025201 0.025201 0.0294564
390 0.025044 0.025044 0.0293939
391 0.0248897 0.0248897 0.0293333
392 0.0247385 0.0247385 0.0292747
393 0.0245904 0.0245904 0.0292184
394 0.0244457 0.0244457 0.0291643
395 0.0243045 0.0243045 0.0291125
396 0.0241667 0.0241667 0.029063
397 0.0240326 0.0240326 0.0290159
398 0.0239021 0.0239021 0.0289711
399 0.0237752 0.0237752 0.0289285
400 0.0236519 0.0236519 0.0288882
401 0.0235321 0.0235321 0.02885
402 0.0234159 0.0234159 0.028814
403 0.0233031 0.0233031 0.02878
404 0.0231937 0.0231937 0.028748
405 0.0230876 0.0230876 0.0287178
406 0.0229847 0.0229847 0.0286895
407 0.022885 0.022885 0.0286628
408 0.0227883 0.0227883 0.0286378
409 0.0226945 0.0226945 0.0286143
410 0.0226036 0.0226036 0.0285922
411 0.0225155 0.0225155 0.0285715
412 0.02243 0.02243 0.0285521
413 0.022347 0.022347 0.0285339
414 0.0222665 0.0222665 0.0285168
415 0.0221884 0.0221884 0.0285007
416 0.0221126 0.0221126 0.0284857
417 0.0220389 0.0220389 0.0284715
418 0.0219673 0.0219673 0.0284581
419 0.0218978 0.0218978 0.0284456
420 0.0218302 0.0218302 0.0284338
421 0.0217644 0.0217644 0.0284226
422 0.0217005 0.0217005 0.0284121
423 0.0216382 0.0216382 0.0284022
424 0.0215776 0.0215776 0.0283927
425 0.0215185 0.0215185 0.0283838
426 0.021461 0.021461 0.0283753
427 0.0214048 0.0214048 0.0283673
428 0.0213501 0.0213501 0.0283596
429 0.0212967 0.0212967 0.0283523
430 0.0212446 0.0212446 0.0283454
431 0.0211937 0.0211937 0.0283387
432 0.021144 0.021144 0.0283323
433 0.0210955 0.0210955 0.0283262
434 0.021048 0.021048 0.0283204
435 0.0210016 0.0210016 0.0283147
436 0.0209562 0.0209562 0.0283093
437 0.0209117 0.0209117 0.0283041
438 0.0208682 0.0208682 0.028299
439 0.0208256 0.0208256 0.0282941
440 0.0207839 0.0207839 0.0282894
441 0.020743 0.020743 0.0282849
442 0.0207029 0.0207029 0.0282805
443 0.0206637 0.0206637 0.0282762
444 0.0206251 0.0206251 0.028272
445 0.0205873 0.0205873 0.028268
446 0.0205502 0.0205502 0.0282641
447 0.0205138 0.0205138 0.0282602
448 0.0204781 0.0204781 0.0282565
449 0.020443 0.020443 0.0282529
450 0.0204085 0.0204085 0.0282494
451 0.0203747 0.0203747 0.028246
452 0.0203414 0.0203414 0.0282427
453 0.0203087 0.0203087 0.0282394
454 0.0202766 0.0202766 0.0282362
455 0.020245 0.020245 0.0282332
456 0.0202139 0.0202139 0.0282302
457 0.0201833 0.0201833 0.0282272
458 0.0201532 0.0201532 0.0282244
459 0.0201236 0.0201236 0.0282216
460 0.0200945 0.0200945 0.0282189
461 0.0200658 0.0200658 0.0282163
462 0.0200376 0.0200376 0.0282137
463 0.0200098 0.0200098 0.0282112
464 0.0199824 0.0199824 0.0282088
465 0.0199555 0.0199555 0.0282064
466 0.0199289 0.0199289 0.0282042
467 0.0199028 0.0199028 0.0282019
468 0.019877 0.019877 0.0281998
469 0.0198516 0.0198516 0.0281977
470 0.0198266 0.0198266 0.0281956
471 0.0198019 0.0198019 0.0281937
472 0.0197776 0.0197776 0.0281918
473 0.0197536 0.0197536 0.0281899
474 0.01973 0.01973 0.0281881
475 0.0197066 0.0197066 0.0281864
476 0.0196836 0.0196836 0.0281848
477 0.019661 0.019661 0.0281832
478 0.0196386 0.0196386 0.0281816
479 0.0196165 0.0196165 0.0281802
480 0.0195947 0.0195947 0.0281788
481 0.0195733 0.0195733 0.0281774
482 0.019552 0.019552 0.0281761
483 0.0195311 0.0195311 0.0281749
484 0.0195105 0.0195105 0.0281737
485 0.0194901 0.0194901 0.0281726
486 0.01947 0.01947 0.0281715
487 0.0194501 0.0194501 0.0281705
488 0.0194305 0.0194305 0.0281696
489 0.0194111 0.0194111 0.0281687
490 0.019392 0.019392 0.0281679
491 0.0193731 0.0193731 0.0281671
492 0.0193545 0.0193545 0.0281664
493 0.019336 0.019336 0.0281658
494 0.0193178 0.0193178 0.0281652
495 0.0192999 0.0192999 0.0281647
496 0.0192821 0.0192821 0.0281642
497 0.0192646 0.0192646 0.0281638
498 0.0192472 0.0192472 0.0281634
499 0.0192301 0.0192301 0.0281631
500 0.0192132 0.0192132 0.0281629
501 0.0191965 0.0191965 0.0281627
502 0.01918 0.01918 0.0281625
503 0.0191637 0.0191637 0.0281624
504 0.0191475 0.0191475 0.0281624
505 0.0191316 0.0191316 0.0281624
506 0.0191158 0.0191158 0.0281625
507 0.0191002 0.0191002 0.0281626
508 0.0190848 0.0190848 0.0281628
509 0.0190696 0.0190696 0.0281631
510 0.0190545 0.0190545 0.0281634
511 0.0190397 0.0190397 0.0281637
512 0.0190249 0.0190249 0.0281641
513 0.0190104 0.0190104 0.0281646
514 0.018996 0.018996 0.0281651
515 0.0189818 0.0189818 0.0281656
516 0.0189677 0.0189677 0.0281662
517 0.0189538 0.0189538 0.0281669
518 0.01894 0.01894 0.0281676
519 0.0189264 0.0189264 0.0281684
520 0.0189129 0.0189129 0.0281692
521 0.0188996 0.0188996 0.02817
522 0.0188864 0.0188864 0.028171
523 0.0188734 0.0188734 0.0281719
524 0.0188605 0.0188605 0.0281729
525 0.0188478 0.0188478 0.028174
526 0.0188351 0.0188351 0.0281751
527 0.0188227 0.0188227 0.0281762
528 0.0188103 0.0188103 0.0281775
529 0.0187981 0.0187981 0.0281787
530 0.018786 0.018786 0.02818
531 0.018774 0.018774 0.0281813
532 0.0187622 0.0187622 0.0281827
533 0.0187504 0.0187504 0.0281842
534 0.0187388 0.0187388 0.0281857
535 0.0187273 0.0187273 0.0281872
536 0.018716 0.018716 0.0281888
537 0.0187047 0.0187047 0.0281904
538 0.0186936 0.0186936 0.028192
539 0.0186826 0.0186826 0.0281937
540 0.0186717 0.0186717 0.0281955
541 0.0186609 0.0186609 0.0281973
542 0.0186502 0.0186502 0.0281991
543 0.0186396 0.0186396 0.028201
544 0.0186291 0.0186291 0.0282029
545 0.0186187 0.0186187 0.0282049
546 0.0186084 0.0186084 0.0282069
547 0.0185983 0.0185983 0.0282089
548 0.0185882 0.0185882 0.028211
549 0.0185782 0.0185782 0.0282132
550 0.0185683 0.0185683 0.0282153
551 0.0185586 0.0185586 0.0282175
552 0.0185489 0.0185489 0.0282198
553 0.0185393 0.0185393 0.0282221
554 0.0185298 0.0185298 0.0282244
555 0.0185204 0.0185204 0.0282268
556 0.018511 0.018511 0.0282292
557 0.0185018 0.0185018 0.0282316
558 0.0184927 0.0184927 0.0282341
559 0.0184836 0.0184836 0.0282366
560 0.0184746 0.0184746 0.0282392
561 0.0184657 0.0184657 0.0282418
562 0.0184569 0.0184569 0.0282444
563 0.0184482 0.0184482 0.0282471
564 0.0184396 0.0184396 0.0282498
565 0.018431 0.018431 0.0282525
566 0.0184225 0.0184225 0.0282553
567 0.0184141 0.0184141 0.0282581
568 0.0184058 0.0184058 0.0282609
569 0.0183975 0.0183975 0.0282638
570 0.0183894 0.0183894 0.0282667
571 0.0183813 0.0183813 0.0282697
572 0.0183732 0.0183732 0.0282726
573 0.0183653 0.0183653 0.0282757
574 0.0183574 0.0183574 0.0282787
575 0.0183496 0.0183496 0.0282818
576 0.0183418 0.0183418 0.0282849
577 0.0183341 0.0183341 0.028288
578 0.0183265 0.0183265 0.0282912
579 0.018319 0.018319 0.0282944
580 0.0183115 0.0183115 0.0282976
581 0.0183041 0.0183041 0.0283009
582 0.0182968 0.0182968 0.0283042
583 0.0182895 0.0182895 0.0283075
584 0.0182823 0.0182823 0.0283109
585 0.0182751 0.0182751 0.0283143
586 0.018268 0.018268 0.0283177
587 0.018261 0.018261 0.0283211
588 0.018254 0.018254 0.0283246
589 0.0182471 0.0182471 0.0283281
590 0.0182403 0.0182403 0.0283316
591 0.0182335 0.0182335 0.0283352
592 0.0182267 0.0182267 0.0283387
593 0.0182201 0.0182201 0.0283424
594 0.0182134 0.0182134 0.028346
595 0.0182069 0.0182069 0.0283497
596 0.0182004 0.0182004 0.0283534
597 0.0181939 0.0181939 0.0283571
598 0.0181875 0.0181875 0.0283608
599 0.0181811 0.0181811 0.0283646
