0 0.823792 0.836778 
1 0.748091 0.79835 
2 0.709164 0.77495 
3 0.685446 0.758566 
4 0.668724 0.745624 
5 0.655576 0.734705 
6 0.644446 0.725175 
7 0.634562 0.716695 
8 0.625513 0.70905 
9 0.61707 0.702092 
10 0.609101 0.695713 
11 0.601531 0.689837 
12 0.594321 0.684411 
13 0.587451 0.679397 
14 0.580917 0.674771 
15 0.574719 0.670519 
16 0.568862 0.666629 
17 0.563352 0.663095 
18 0.558196 0.659911 
19 0.553398 0.657071 
20 0.548958 0.654567 
21 0.544874 0.652389 
22 0.541142 0.650526 
23 0.537753 0.648962 
24 0.534695 0.64768 
25 0.531954 0.646661 
26 0.529511 0.645885 
27 0.527349 0.645329 
28 0.525447 0.644971 
29 0.523783 0.644789 
30 0.522335 0.64476 
31 0.521082 0.644863 
32 0.520001 0.645077 
33 0.519073 0.645382 
34 0.518278 0.645759 
35 0.517596 0.646193 
36 0.51701 0.646667 
37 0.516504 0.647169 
38 0.516063 0.647685 
39 0.515675 0.648205 
40 0.515327 0.648721 
41 0.515009 0.649224 
42 0.514712 0.649708 
43 0.514428 0.650168 
44 0.51415 0.650599 
45 0.513873 0.650999 
46 0.513592 0.651365 
47 0.513303 0.651696 
48 0.513002 0.651991 
49 0.512689 0.652249 
50 0.51236 0.652472 
51 0.512015 0.652659 
52 0.511654 0.652811 
53 0.511275 0.652931 
54 0.510878 0.653019 
55 0.510465 0.653078 
56 0.510034 0.653108 
57 0.509588 0.653112 
58 0.509126 0.653093 
59 0.50865 0.65305 
60 0.50816 0.652988 
61 0.507657 0.652907 
62 0.507143 0.652809 
63 0.506618 0.652696 
64 0.506083 0.65257 
65 0.505539 0.652433 
66 0.504987 0.652285 
67 0.504429 0.652129 
68 0.503863 0.651965 
69 0.503293 0.651795 
70 0.502717 0.65162 
71 0.502138 0.651441 
72 0.501554 0.651259 
73 0.500968 0.651075 
74 0.50038 0.65089 
75 0.49979 0.650704 
76 0.499198 0.650519 
77 0.498605 0.650335 
78 0.498012 0.650152 
79 0.497418 0.649971 
80 0.496824 0.649793 
81 0.496231 0.649618 
82 0.495638 0.649445 
83 0.495045 0.649277 
84 0.494454 0.649112 
85 0.493864 0.648952 
86 0.493275 0.648796 
87 0.492687 0.648645 
88 0.492101 0.648499 
89 0.491516 0.648358 
90 0.490934 0.648222 
91 0.490353 0.648092 
92 0.489774 0.647967 
93 0.489197 0.647848 
94 0.488621 0.647735 
95 0.488048 0.647627 
96 0.487477 0.647525 
97 0.486909 0.647429 
98 0.486342 0.64734 
99 0.485777 0.647256 
100 0.485215 0.647178 
101 0.484655 0.647107 
102 0.484097 0.647042 
103 0.483541 0.646983 
104 0.482988 0.64693 
105 0.482437 0.646883 
106 0.481888 0.646843 
107 0.481341 0.646809 
108 0.480796 0.646781 
109 0.480254 0.646759 
110 0.479714 0.646743 
111 0.479176 0.646734 
112 0.47864 0.646731 
113 0.478106 0.646734 
114 0.477575 0.646743 
115 0.477046 0.646758 
116 0.476518 0.64678 
117 0.475993 0.646807 
118 0.47547 0.64684 
119 0.474949 0.64688 
120 0.47443 0.646925 
121 0.473913 0.646976 
122 0.473398 0.647033 
123 0.472885 0.647096 
124 0.472373 0.647164 
125 0.471864 0.647238 
126 0.471357 0.647318 
127 0.470851 0.647403 
128 0.470347 0.647494 
129 0.469845 0.647591 
130 0.469345 0.647692 
131 0.468846 0.647799 
132 0.46835 0.647911 
133 0.467854 0.648029 
134 0.467361 0.648151 
135 0.466869 0.648279 
136 0.466379 0.648411 
137 0.46589 0.648548 
138 0.465403 0.64869 
139 0.464917 0.648837 
140 0.464433 0.648988 
141 0.46395 0.649144 
142 0.463469 0.649305 
143 0.462989 0.64947 
144 0.462511 0.649639 
145 0.462034 0.649812 
146 0.461558 0.649989 
147 0.461084 0.650171 
148 0.460611 0.650356 
149 0.460139 0.650546 
150 0.459669 0.650739 
151 0.459199 0.650935 
152 0.458732 0.651136 
153 0.458265 0.65134 
154 0.4578 0.651547 
155 0.457336 0.651758 
156 0.456873 0.651971 
157 0.456411 0.652189 
158 0.455951 0.652409 
159 0.455492 0.652632 
160 0.455034 0.652858 
161 0.454577 0.653086 
162 0.454122 0.653318 
163 0.453667 0.653552 
164 0.453214 0.653789 
165 0.452762 0.654028 
166 0.452312 0.654269 
167 0.451862 0.654513 
168 0.451414 0.654759 
169 0.450967 0.655007 
170 0.450521 0.655257 
171 0.450077 0.65551 
172 0.449633 0.655764 
173 0.449191 0.656019 
174 0.44875 0.656277 
175 0.448311 0.656536 
176 0.447873 0.656797 
177 0.447436 0.657059 
178 0.447 0.657322 
179 0.446565 0.657587 
180 0.446132 0.657854 
181 0.445701 0.658121 
182 0.44527 0.65839 
183 0.444841 0.658659 
184 0.444414 0.65893 
185 0.443988 0.659202 
186 0.443563 0.659474 
187 0.44314 0.659748 
188 0.442718 0.660022 
189 0.442297 0.660297 
190 0.441879 0.660572 
191 0.441461 0.660848 
192 0.441045 0.661125 
193 0.440631 0.661402 
194 0.440218 0.66168 
195 0.439807 0.661958 
196 0.439398 0.662236 
197 0.43899 0.662515 
198 0.438584 0.662794 
199 0.438179 0.663074 
200 0.437776 0.663353 
201 0.437375 0.663633 
202 0.436976 0.663913 
203 0.436578 0.664193 
204 0.436182 0.664473 
205 0.435788 0.664754 
206 0.435396 0.665034 
207 0.435005 0.665314 
208 0.434617 0.665595 
209 0.43423 0.665875 
210 0.433845 0.666155 
211 0.433463 0.666436 
212 0.433082 0.666716 
213 0.432703 0.666996 
214 0.432326 0.667276 
215 0.431951 0.667556 
216 0.431578 0.667836 
217 0.431207 0.668116 
218 0.430838 0.668396 
219 0.430471 0.668675 
220 0.430106 0.668955 
221 0.429743 0.669234 
222 0.429383 0.669513 
223 0.429024 0.669793 
224 0.428668 0.670072 
225 0.428314 0.670351 
226 0.427962 0.67063 
227 0.427612 0.670909 
228 0.427265 0.671187 
229 0.426919 0.671466 
230 0.426576 0.671745 
231 0.426236 0.672024 
232 0.425897 0.672302 
233 0.425561 0.672581 
234 0.425227 0.67286 
235 0.424895 0.673138 
236 0.424566 0.673417 
237 0.424239 0.673696 
238 0.423914 0.673975 
239 0.423592 0.674254 
240 0.423272 0.674533 
241 0.422954 0.674812 
242 0.422639 0.675092 
243 0.422326 0.675371 
244 0.422016 0.675651 
245 0.421708 0.675931 
246 0.421402 0.676212 
247 0.421099 0.676492 
248 0.420798 0.676773 
249 0.4205 0.677055 
250 0.420204 0.677336 
251 0.41991 0.677618 
252 0.419619 0.677901 
253 0.41933 0.678183 
254 0.419044 0.678467 
255 0.41876 0.67875 
256 0.418479 0.679035 
257 0.4182 0.67932 
258 0.417924 0.679605 
259 0.41765 0.679891 
260 0.417378 0.680177 
261 0.417109 0.680465 
262 0.416843 0.680752 
263 0.416579 0.681041 
264 0.416317 0.68133 
265 0.416058 0.68162 
266 0.415801 0.681911 
267 0.415547 0.682203 
268 0.415295 0.682495 
269 0.415046 0.682788 
270 0.414799 0.683082 
271 0.414555 0.683377 
272 0.414313 0.683673 
273 0.414074 0.68397 
274 0.413837 0.684268 
275 0.413602 0.684566 
276 0.41337 0.684866 
277 0.41314 0.685167 
278 0.412913 0.685469 
279 0.412689 0.685772 
280 0.412466 0.686076 
281 0.412246 0.686381 
282 0.412029 0.686687 
283 0.411814 0.686995 
284 0.411601 0.687303 
285 0.411391 0.687613 
286 0.411184 0.687924 
287 0.410978 0.688236 
288 0.410775 0.68855 
289 0.410575 0.688865 
290 0.410377 0.689181 
291 0.410181 0.689498 
292 0.409988 0.689816 
293 0.409797 0.690136 
294 0.409609 0.690458 
295 0.409423 0.69078 
296 0.409239 0.691104 
297 0.409057 0.691429 
298 0.408878 0.691756 
299 0.408702 0.692084 
300 0.408527 0.692413 
301 0.408356 0.692744 
302 0.408186 0.693076 
303 0.408019 0.693409 
304 0.407854 0.693744 
305 0.407691 0.69408 
306 0.407531 0.694418 
307 0.407373 0.694757 
308 0.407217 0.695097 
309 0.407064 0.695439 
310 0.406913 0.695782 
311 0.406764 0.696127 
312 0.406618 0.696473 
313 0.406473 0.69682 
314 0.406331 0.697169 
315 0.406192 0.697519 
316 0.406054 0.697871 
317 0.405919 0.698223 
318 0.405786 0.698578 
319 0.405656 0.698933 
320 0.405527 0.69929 
321 0.405401 0.699648 
322 0.405277 0.700008 
323 0.405155 0.700368 
324 0.405036 0.700731 
325 0.404918 0.701094 
326 0.404803 0.701459 
327 0.40469 0.701824 
328 0.40458 0.702192 
329 0.404471 0.70256 
330 0.404365 0.702929 
331 0.40426 0.7033 
332 0.404158 0.703672 
333 0.404058 0.704045 
334 0.403961 0.704419 
335 0.403865 0.704795 
336 0.403771 0.705171 
337 0.40368 0.705549 
338 0.403591 0.705927 
339 0.403504 0.706307 
340 0.403419 0.706688 
341 0.403336 0.707069 
342 0.403255 0.707452 
343 0.403176 0.707836 
344 0.403099 0.70822 
345 0.403025 0.708606 
346 0.402952 0.708992 
347 0.402882 0.70938 
348 0.402813 0.709768 
349 0.402747 0.710157 
350 0.402682 0.710547 
351 0.40262 0.710938 
352 0.40256 0.711329 
353 0.402501 0.711722 
354 0.402445 0.712115 
355 0.402391 0.712508 
356 0.402338 0.712903 
357 0.402288 0.713298 
358 0.40224 0.713694 
359 0.402193 0.714091 
360 0.402149 0.714488 
361 0.402106 0.714885 
362 0.402066 0.715284 
363 0.402027 0.715683 
364 0.40199 0.716082 
365 0.401955 0.716482 
366 0.401922 0.716882 
367 0.401891 0.717283 
368 0.401862 0.717685 
369 0.401835 0.718086 
370 0.40181 0.718489 
371 0.401786 0.718891 
372 0.401764 0.719294 
373 0.401745 0.719697 
374 0.401727 0.720101 
375 0.40171 0.720505 
376 0.401696 0.720909 
377 0.401684 0.721314 
378 0.401673 0.721718 
379 0.401664 0.722123 
380 0.401657 0.722529 
381 0.401651 0.722934 
382 0.401648 0.723339 
383 0.401646 0.723745 
384 0.401646 0.724151 
385 0.401647 0.724557 
386 0.401651 0.724962 
387 0.401656 0.725368 
388 0.401662 0.725774 
389 0.401671 0.72618 
390 0.401681 0.726586 
391 0.401693 0.726992 
392 0.401706 0.727398 
393 0.401721 0.727804 
394 0.401738 0.72821 
395 0.401756 0.728616 
396 0.401776 0.729021 
397 0.401798 0.729427 
398 0.401821 0.729832 
399 0.401846 0.730237 
400 0.401872 0.730642 
401 0.4019 0.731047 
402 0.401929 0.731451 
403 0.40196 0.731855 
404 0.401993 0.732259 
405 0.402027 0.732663 
406 0.402063 0.733066 
407 0.4021 0.733469 
408 0.402139 0.733871 
409 0.402179 0.734273 
410 0.40222 0.734675 
411 0.402263 0.735076 
412 0.402308 0.735477 
413 0.402354 0.735878 
414 0.402401 0.736278 
415 0.40245 0.736677 
416 0.4025 0.737076 
417 0.402552 0.737474 
418 0.402605 0.737872 
419 0.402659 0.738269 
420 0.402715 0.738666 
421 0.402772 0.739062 
422 0.40283 0.739457 
423 0.40289 0.739852 
424 0.402951 0.740246 
425 0.403013 0.740639 
426 0.403077 0.741032 
427 0.403142 0.741423 
428 0.403208 0.741815 
429 0.403275 0.742205 
430 0.403344 0.742594 
431 0.403414 0.742983 
432 0.403485 0.743371 
433 0.403558 0.743758 
434 0.403631 0.744144 
435 0.403706 0.744529 
436 0.403782 0.744913 
437 0.403859 0.745296 
438 0.403937 0.745679 
439 0.404016 0.74606 
440 0.404097 0.74644 
441 0.404178 0.746819 
442 0.404261 0.747198 
443 0.404345 0.747575 
444 0.40443 0.747951 
445 0.404515 0.748326 
446 0.404602 0.748699 
447 0.40469 0.749072 
448 0.404779 0.749443 
449 0.404869 0.749814 
450 0.40496 0.750183 
451 0.405052 0.75055 
452 0.405145 0.750917 
453 0.405239 0.751282 
454 0.405333 0.751646 
455 0.405429 0.752008 
456 0.405526 0.752369 
457 0.405623 0.752729 
458 0.405721 0.753088 
459 0.405821 0.753444 
460 0.405921 0.7538 
461 0.406022 0.754154 
462 0.406123 0.754506 
463 0.406226 0.754857 
464 0.406329 0.755207 
465 0.406433 0.755555 
466 0.406538 0.755901 
467 0.406643 0.756246 
468 0.40675 0.756589 
469 0.406857 0.75693 
470 0.406964 0.75727 
471 0.407073 0.757608 
472 0.407182 0.757944 
473 0.407291 0.758279 
474 0.407401 0.758612 
475 0.407512 0.758943 
476 0.407624 0.759272 
477 0.407736 0.759599 
478 0.407848 0.759924 
479 0.407961 0.760248 
480 0.408075 0.76057 
481 0.408189 0.760889 
482 0.408304 0.761207 
483 0.408419 0.761523 
484 0.408535 0.761837 
485 0.408651 0.762149 
486 0.408767 0.762459 
487 0.408884 0.762766 
488 0.409001 0.763072 
489 0.409119 0.763375 
490 0.409237 0.763677 
491 0.409355 0.763976 
492 0.409473 0.764273 
493 0.409592 0.764568 
494 0.409711 0.764861 
495 0.409831 0.765151 
496 0.409951 0.765439 
497 0.41007 0.765725 
498 0.41019 0.766009 
499 0.410311 0.76629 
500 0.410431 0.766569 
501 0.410552 0.766846 
502 0.410672 0.76712 
503 0.410793 0.767392 
504 0.410914 0.767662 
505 0.411035 0.767929 
506 0.411156 0.768194 
507 0.411277 0.768456 
508 0.411398 0.768716 
509 0.411519 0.768973 
510 0.41164 0.769228 
511 0.411761 0.76948 
512 0.411882 0.76973 
513 0.412003 0.769977 
514 0.412124 0.770222 
515 0.412245 0.770464 
516 0.412365 0.770704 
517 0.412486 0.770941 
518 0.412606 0.771175 
519 0.412726 0.771407 
520 0.412846 0.771636 
521 0.412966 0.771863 
522 0.413085 0.772087 
523 0.413204 0.772308 
524 0.413323 0.772527 
525 0.413442 0.772743 
526 0.41356 0.772957 
527 0.413678 0.773167 
528 0.413796 0.773376 
529 0.413913 0.773581 
530 0.41403 0.773784 
531 0.414147 0.773984 
532 0.414263 0.774182 
533 0.414379 0.774376 
534 0.414495 0.774568 
535 0.41461 0.774758 
536 0.414724 0.774945 
537 0.414839 0.775129 
538 0.414952 0.77531 
539 0.415066 0.775489 
540 0.415178 0.775666 
541 0.41529 0.775839 
542 0.415402 0.77601 
543 0.415513 0.776178 
544 0.415624 0.776344 
545 0.415734 0.776507 
546 0.415844 0.776668 
547 0.415953 0.776826 
548 0.416061 0.776981 
549 0.416169 0.777134 
550 0.416276 0.777284 
551 0.416383 0.777431 
552 0.416489 0.777577 
553 0.416595 0.777719 
554 0.416699 0.777859 
555 0.416804 0.777997 
556 0.416907 0.778132 
557 0.41701 0.778265 
558 0.417112 0.778395 
559 0.417214 0.778523 
560 0.417315 0.778648 
561 0.417416 0.778771 
562 0.417515 0.778892 
563 0.417614 0.77901 
564 0.417713 0.779126 
565 0.41781 0.77924 
566 0.417907 0.779352 
567 0.418004 0.779461 
568 0.4181 0.779568 
569 0.418195 0.779673 
570 0.418289 0.779775 
571 0.418383 0.779876 
572 0.418476 0.779974 
573 0.418568 0.780071 
574 0.41866 0.780165 
575 0.418751 0.780257 
576 0.418841 0.780347 
577 0.418931 0.780435 
578 0.41902 0.780521 
579 0.419108 0.780605 
580 0.419196 0.780688 
581 0.419283 0.780768 
582 0.41937 0.780847 
583 0.419455 0.780924 
584 0.41954 0.780998 
585 0.419625 0.781072 
586 0.419709 0.781143 
587 0.419792 0.781213 
588 0.419875 0.781281 
589 0.419957 0.781347 
590 0.420038 0.781412 
591 0.420119 0.781475 
592 0.420199 0.781537 
593 0.420279 0.781597 
594 0.420358 0.781656 
595 0.420436 0.781713 
596 0.420514 0.781769 
597 0.420591 0.781823 
598 0.420668 0.781876 
599 0.420744 0.781928 
600 0.42082 0.781979 
601 0.420895 0.782028 
602 0.420969 0.782076 
603 0.421043 0.782122 
604 0.421117 0.782168 
605 0.42119 0.782212 
606 0.421263 0.782255 
607 0.421335 0.782298 
608 0.421406 0.782339 
609 0.421477 0.782379 
610 0.421548 0.782418 
611 0.421618 0.782456 
612 0.421688 0.782493 
613 0.421758 0.782529 
614 0.421827 0.782565 
615 0.421895 0.7826 
616 0.421963 0.782633 
617 0.422031 0.782666 
618 0.422098 0.782699 
619 0.422165 0.78273 
620 0.422232 0.782761 
621 0.422298 0.782791 
622 0.422364 0.782821 
623 0.42243 0.78285 
624 0.422495 0.782878 
625 0.42256 0.782906 
626 0.422625 0.782933 
627 0.42269 0.78296 
628 0.422754 0.782986 
629 0.422818 0.783012 
630 0.422881 0.783037 
631 0.422945 0.783063 
632 0.423008 0.783087 
633 0.423071 0.783111 
634 0.423133 0.783136 
635 0.423196 0.783159 
636 0.423258 0.783183 
637 0.42332 0.783206 
638 0.423382 0.783229 
639 0.423444 0.783252 
640 0.423505 0.783274 
641 0.423567 0.783297 
642 0.423628 0.783319 
643 0.423689 0.783341 
644 0.42375 0.783363 
645 0.423811 0.783385 
646 0.423871 0.783407 
647 0.423932 0.783429 
648 0.423993 0.783451 
649 0.424053 0.783473 
650 0.424113 0.783495 
651 0.424174 0.783517 
652 0.424234 0.783539 
653 0.424294 0.783561 
654 0.424354 0.783583 
655 0.424414 0.783606 
656 0.424474 0.783628 
657 0.424534 0.783651 
658 0.424594 0.783674 
659 0.424654 0.783697 
660 0.424714 0.78372 
661 0.424774 0.783743 
662 0.424834 0.783767 
663 0.424895 0.783791 
664 0.424955 0.783815 
665 0.425015 0.783839 
666 0.425075 0.783864 
667 0.425135 0.783889 
668 0.425195 0.783914 
669 0.425255 0.78394 
670 0.425316 0.783965 
671 0.425376 0.783992 
672 0.425437 0.784018 
673 0.425497 0.784045 
674 0.425558 0.784073 
675 0.425618 0.7841 
676 0.425679 0.784128 
677 0.42574 0.784157 
678 0.425801 0.784186 
679 0.425862 0.784215 
680 0.425923 0.784245 
681 0.425985 0.784275 
682 0.426046 0.784306 
683 0.426107 0.784337 
684 0.426169 0.784368 
685 0.426231 0.7844 
686 0.426293 0.784433 
687 0.426355 0.784466 
688 0.426417 0.784499 
689 0.426479 0.784533 
690 0.426542 0.784568 
691 0.426605 0.784603 
692 0.426667 0.784638 
693 0.42673 0.784674 
694 0.426793 0.78471 
695 0.426857 0.784747 
696 0.42692 0.784785 
697 0.426983 0.784823 
698 0.427047 0.784862 
699 0.427111 0.784901 
700 0.427175 0.784941 
701 0.427239 0.784981 
702 0.427304 0.785022 
703 0.427368 0.785063 
704 0.427433 0.785105 
705 0.427498 0.785147 
706 0.427563 0.78519 
707 0.427628 0.785234 
708 0.427694 0.785278 
709 0.427759 0.785323 
710 0.427825 0.785368 
711 0.427891 0.785414 
712 0.427957 0.78546 
713 0.428024 0.785507 
714 0.42809 0.785555 
715 0.428157 0.785603 
716 0.428224 0.785652 
717 0.428291 0.785701 
718 0.428358 0.785751 
719 0.428426 0.785801 
720 0.428493 0.785852 
721 0.428561 0.785904 
722 0.428629 0.785956 
723 0.428697 0.786009 
724 0.428766 0.786062 
725 0.428834 0.786116 
726 0.428903 0.786171 
727 0.428972 0.786226 
728 0.429041 0.786281 
729 0.42911 0.786337 
730 0.42918 0.786394 
731 0.429249 0.786452 
732 0.429319 0.78651 
733 0.429389 0.786568 
734 0.429459 0.786627 
735 0.429529 0.786687 
736 0.4296 0.786747 
737 0.429671 0.786808 
738 0.429742 0.786869 
739 0.429813 0.786931 
740 0.429884 0.786994 
741 0.429955 0.787057 
742 0.430027 0.78712 
743 0.430098 0.787184 
744 0.43017 0.787249 
745 0.430242 0.787314 
746 0.430314 0.78738 
747 0.430387 0.787446 
748 0.430459 0.787513 
749 0.430532 0.787581 
750 0.430605 0.787649 
751 0.430678 0.787717 
752 0.430751 0.787787 
753 0.430824 0.787856 
754 0.430898 0.787926 
755 0.430971 0.787997 
756 0.431045 0.788068 
757 0.431119 0.78814 
758 0.431193 0.788212 
759 0.431267 0.788285 
760 0.431342 0.788359 
761 0.431416 0.788433 
762 0.431491 0.788507 
763 0.431565 0.788582 
764 0.43164 0.788657 
765 0.431715 0.788733 
766 0.43179 0.78881 
767 0.431866 0.788887 
768 0.431941 0.788964 
769 0.432017 0.789042 
770 0.432092 0.789121 
771 0.432168 0.7892 
772 0.432244 0.789279 
773 0.43232 0.789359 
774 0.432396 0.78944 
775 0.432472 0.789521 
776 0.432549 0.789602 
777 0.432625 0.789684 
778 0.432702 0.789767 
779 0.432778 0.78985 
780 0.432855 0.789933 
781 0.432932 0.790017 
782 0.433009 0.790102 
783 0.433086 0.790186 
784 0.433163 0.790272 
785 0.433241 0.790358 
786 0.433318 0.790444 
787 0.433395 0.790531 
788 0.433473 0.790618 
789 0.433551 0.790706 
790 0.433628 0.790794 
791 0.433706 0.790882 
792 0.433784 0.790972 
793 0.433862 0.791061 
794 0.43394 0.791151 
795 0.434019 0.791241 
796 0.434097 0.791332 
797 0.434175 0.791424 
798 0.434254 0.791516 
799 0.434332 0.791608 
800 0.434411 0.7917 
801 0.434489 0.791794 
802 0.434568 0.791887 
803 0.434647 0.791981 
804 0.434726 0.792076 
805 0.434804 0.79217 
806 0.434883 0.792266 
807 0.434962 0.792361 
808 0.435042 0.792458 
809 0.435121 0.792554 
810 0.4352 0.792651 
811 0.435279 0.792749 
812 0.435358 0.792847 
813 0.435438 0.792945 
814 0.435517 0.793044 
815 0.435597 0.793143 
816 0.435676 0.793242 
817 0.435756 0.793342 
818 0.435835 0.793443 
819 0.435915 0.793543 
820 0.435995 0.793644 
821 0.436075 0.793746 
822 0.436154 0.793848 
823 0.436234 0.79395 
824 0.436314 0.794053 
825 0.436394 0.794156 
826 0.436474 0.79426 
827 0.436554 0.794364 
828 0.436634 0.794469 
829 0.436714 0.794573 
830 0.436794 0.794679 
831 0.436874 0.794784 
832 0.436954 0.79489 
833 0.437034 0.794997 
834 0.437114 0.795103 
835 0.437195 0.79521 
836 0.437275 0.795318 
837 0.437355 0.795426 
838 0.437435 0.795534 
839 0.437516 0.795643 
840 0.437596 0.795752 
841 0.437676 0.795862 
842 0.437757 0.795972 
843 0.437837 0.796082 
844 0.437917 0.796192 
845 0.437998 0.796303 
846 0.438078 0.796415 
847 0.438158 0.796527 
848 0.438239 0.796639 
849 0.438319 0.796751 
850 0.4384 0.796864 
851 0.43848 0.796977 
852 0.438561 0.797091 
853 0.438641 0.797205 
854 0.438722 0.797319 
855 0.438802 0.797434 
856 0.438883 0.797549 
857 0.438963 0.797665 
858 0.439044 0.797781 
859 0.439124 0.797897 
860 0.439205 0.798014 
861 0.439285 0.798131 
862 0.439365 0.798248 
863 0.439446 0.798366 
864 0.439526 0.798484 
865 0.439607 0.798602 
866 0.439687 0.798721 
867 0.439768 0.79884 
868 0.439848 0.79896 
869 0.439929 0.799079 
870 0.440009 0.7992 
871 0.44009 0.79932 
872 0.44017 0.799441 
873 0.440251 0.799562 
874 0.440331 0.799684 
875 0.440411 0.799806 
876 0.440492 0.799929 
877 0.440572 0.800051 
878 0.440653 0.800174 
879 0.440733 0.800298 
880 0.440813 0.800422 
881 0.440894 0.800546 
882 0.440974 0.80067 
883 0.441054 0.800795 
884 0.441134 0.80092 
885 0.441215 0.801046 
886 0.441295 0.801172 
887 0.441375 0.801298 
888 0.441455 0.801425 
889 0.441536 0.801552 
890 0.441616 0.801679 
891 0.441696 0.801807 
892 0.441776 0.801935 
893 0.441856 0.802063 
894 0.441936 0.802192 
895 0.442016 0.802321 
896 0.442096 0.802451 
897 0.442176 0.80258 
898 0.442256 0.802711 
899 0.442336 0.802841 
900 0.442416 0.802972 
901 0.442496 0.803103 
902 0.442576 0.803235 
903 0.442656 0.803366 
904 0.442736 0.803499 
905 0.442815 0.803631 
906 0.442895 0.803764 
907 0.442975 0.803897 
908 0.443054 0.804031 
909 0.443134 0.804165 
910 0.443214 0.804299 
911 0.443293 0.804434 
912 0.443373 0.804569 
913 0.443452 0.804704 
914 0.443532 0.80484 
915 0.443611 0.804976 
916 0.443691 0.805112 
917 0.44377 0.805249 
918 0.443849 0.805386 
919 0.443929 0.805524 
920 0.444008 0.805661 
921 0.444087 0.8058 
922 0.444166 0.805938 
923 0.444246 0.806077 
924 0.444325 0.806216 
925 0.444404 0.806355 
926 0.444483 0.806495 
927 0.444562 0.806635 
928 0.444641 0.806776 
929 0.44472 0.806917 
930 0.444798 0.807058 
931 0.444877 0.8072 
932 0.444956 0.807341 
933 0.445035 0.807484 
934 0.445113 0.807626 
935 0.445192 0.807769 
936 0.445271 0.807912 
937 0.445349 0.808056 
938 0.445427 0.8082 
939 0.445506 0.808344 
940 0.445584 0.808489 
941 0.445663 0.808634 
942 0.445741 0.808779 
943 0.445819 0.808925 
944 0.445897 0.809071 
945 0.445975 0.809217 
946 0.446053 0.809364 
947 0.446131 0.809511 
948 0.446209 0.809658 
949 0.446287 0.809806 
950 0.446365 0.809954 
951 0.446443 0.810102 
952 0.44652 0.810251 
953 0.446598 0.8104 
954 0.446676 0.81055 
955 0.446753 0.810699 
956 0.446831 0.810849 
957 0.446908 0.811 
958 0.446985 0.811151 
959 0.447063 0.811302 
960 0.44714 0.811453 
961 0.447217 0.811605 
962 0.447294 0.811757 
963 0.447371 0.81191 
964 0.447448 0.812062 
965 0.447525 0.812216 
966 0.447602 0.812369 
967 0.447678 0.812523 
968 0.447755 0.812677 
969 0.447832 0.812832 
970 0.447908 0.812987 
971 0.447985 0.813142 
972 0.448061 0.813297 
973 0.448137 0.813453 
974 0.448213 0.813609 
975 0.44829 0.813766 
976 0.448366 0.813923 
977 0.448442 0.81408 
978 0.448518 0.814237 
979 0.448593 0.814395 
980 0.448669 0.814554 
981 0.448745 0.814712 
982 0.448821 0.814871 
983 0.448896 0.81503 
984 0.448971 0.81519 
985 0.449047 0.81535 
986 0.449122 0.81551 
987 0.449197 0.81567 
988 0.449272 0.815831 
989 0.449347 0.815992 
990 0.449422 0.816154 
991 0.449497 0.816316 
992 0.449572 0.816478 
993 0.449647 0.816641 
994 0.449721 0.816803 
995 0.449796 0.816967 
996 0.44987 0.81713 
997 0.449944 0.817294 
998 0.450018 0.817458 
999 0.450093 0.817623 
1000 0.450167 0.817788 
1001 0.45024 0.817953 
1002 0.450314 0.818118 
1003 0.450388 0.818284 
1004 0.450462 0.81845 
1005 0.450535 0.818617 
1006 0.450609 0.818783 
1007 0.450682 0.81895 
1008 0.450755 0.819118 
1009 0.450828 0.819285 
1010 0.450901 0.819454 
1011 0.450974 0.819622 
1012 0.451047 0.819791 
1013 0.451119 0.81996 
1014 0.451192 0.820129 
1015 0.451265 0.820298 
1016 0.451337 0.820468 
1017 0.451409 0.820639 
1018 0.451481 0.820809 
1019 0.451553 0.82098 
1020 0.451625 0.821151 
1021 0.451697 0.821323 
1022 0.451769 0.821495 
1023 0.45184 0.821667 
1024 0.451912 0.821839 
1025 0.451983 0.822012 
1026 0.452054 0.822185 
1027 0.452125 0.822358 
1028 0.452196 0.822532 
1029 0.452267 0.822706 
1030 0.452338 0.82288 
1031 0.452408 0.823054 
1032 0.452479 0.823229 
1033 0.452549 0.823404 
1034 0.452619 0.823579 
1035 0.452689 0.823755 
1036 0.452759 0.823931 
1037 0.452829 0.824107 
1038 0.452899 0.824284 
1039 0.452968 0.824461 
1040 0.453037 0.824638 
1041 0.453107 0.824815 
1042 0.453176 0.824993 
1043 0.453245 0.825171 
1044 0.453314 0.825349 
1045 0.453382 0.825527 
1046 0.453451 0.825706 
1047 0.453519 0.825885 
1048 0.453588 0.826065 
1049 0.453656 0.826244 
1050 0.453724 0.826424 
1051 0.453792 0.826604 
1052 0.453859 0.826784 
1053 0.453927 0.826965 
1054 0.453994 0.827146 
1055 0.454062 0.827327 
1056 0.454129 0.827509 
1057 0.454196 0.82769 
1058 0.454263 0.827872 
1059 0.454329 0.828054 
1060 0.454396 0.828237 
1061 0.454462 0.828419 
1062 0.454528 0.828602 
1063 0.454594 0.828785 
1064 0.45466 0.828969 
1065 0.454726 0.829152 
1066 0.454792 0.829336 
1067 0.454857 0.82952 
1068 0.454922 0.829704 
1069 0.454987 0.829889 
1070 0.455052 0.830074 
1071 0.455117 0.830259 
1072 0.455182 0.830444 
1073 0.455246 0.830629 
1074 0.45531 0.830815 
1075 0.455374 0.831001 
1076 0.455438 0.831187 
1077 0.455502 0.831373 
1078 0.455565 0.831559 
1079 0.455629 0.831746 
1080 0.455692 0.831933 
1081 0.455755 0.83212 
1082 0.455818 0.832307 
1083 0.455881 0.832495 
1084 0.455943 0.832682 
1085 0.456006 0.83287 
1086 0.456068 0.833058 
1087 0.45613 0.833246 
1088 0.456192 0.833434 
1089 0.456253 0.833623 
1090 0.456315 0.833812 
1091 0.456376 0.834 
1092 0.456437 0.834189 
1093 0.456498 0.834379 
1094 0.456558 0.834568 
1095 0.456619 0.834757 
1096 0.456679 0.834947 
1097 0.456739 0.835137 
1098 0.456799 0.835327 
1099 0.456859 0.835517 
1100 0.456919 0.835707 
1101 0.456978 0.835897 
1102 0.457037 0.836088 
1103 0.457096 0.836278 
1104 0.457155 0.836469 
1105 0.457214 0.83666 
1106 0.457272 0.836851 
1107 0.45733 0.837042 
1108 0.457388 0.837233 
1109 0.457446 0.837425 
1110 0.457504 0.837616 
1111 0.457561 0.837807 
1112 0.457618 0.837999 
1113 0.457675 0.838191 
1114 0.457732 0.838383 
1115 0.457789 0.838575 
1116 0.457845 0.838767 
1117 0.457902 0.838959 
1118 0.457958 0.839151 
1119 0.458013 0.839343 
1120 0.458069 0.839535 
1121 0.458124 0.839728 
1122 0.45818 0.83992 
1123 0.458235 0.840113 
1124 0.458289 0.840305 
1125 0.458344 0.840498 
1126 0.458398 0.84069 
1127 0.458453 0.840883 
1128 0.458507 0.841076 
1129 0.45856 0.841269 
1130 0.458614 0.841461 
1131 0.458667 0.841654 
1132 0.45872 0.841847 
1133 0.458773 0.84204 
1134 0.458826 0.842233 
1135 0.458879 0.842426 
1136 0.458931 0.842619 
1137 0.458983 0.842812 
1138 0.459035 0.843005 
1139 0.459086 0.843198 
1140 0.459138 0.843391 
1141 0.459189 0.843584 
1142 0.45924 0.843777 
1143 0.459291 0.84397 
1144 0.459342 0.844163 
1145 0.459392 0.844356 
1146 0.459442 0.844549 
1147 0.459492 0.844741 
1148 0.459542 0.844934 
1149 0.459592 0.845127 
1150 0.459641 0.84532 
1151 0.45969 0.845513 
1152 0.459739 0.845705 
1153 0.459788 0.845898 
1154 0.459836 0.84609 
1155 0.459884 0.846283 
1156 0.459932 0.846475 
1157 0.45998 0.846668 
1158 0.460028 0.84686 
1159 0.460075 0.847052 
1160 0.460123 0.847245 
1161 0.46017 0.847437 
1162 0.460216 0.847629 
1163 0.460263 0.847821 
1164 0.460309 0.848013 
1165 0.460356 0.848204 
1166 0.460401 0.848396 
1167 0.460447 0.848588 
1168 0.460493 0.848779 
1169 0.460538 0.84897 
1170 0.460583 0.849162 
1171 0.460628 0.849353 
1172 0.460673 0.849544 
1173 0.460717 0.849735 
1174 0.460761 0.849925 
1175 0.460805 0.850116 
1176 0.460849 0.850306 
1177 0.460893 0.850497 
1178 0.460936 0.850687 
1179 0.46098 0.850877 
1180 0.461023 0.851067 
1181 0.461065 0.851257 
1182 0.461108 0.851446 
1183 0.46115 0.851636 
1184 0.461193 0.851825 
1185 0.461234 0.852014 
1186 0.461276 0.852203 
1187 0.461318 0.852392 
1188 0.461359 0.852581 
1189 0.4614 0.852769 
1190 0.461441 0.852957 
1191 0.461482 0.853145 
1192 0.461522 0.853333 
1193 0.461563 0.853521 
1194 0.461603 0.853709 
1195 0.461643 0.853896 
1196 0.461683 0.854083 
1197 0.461722 0.85427 
1198 0.461761 0.854457 
1199 0.461801 0.854643 
1200 0.461839 0.854829 
1201 0.461878 0.855015 
1202 0.461917 0.855201 
1203 0.461955 0.855387 
1204 0.461993 0.855572 
1205 0.462031 0.855757 
1206 0.462069 0.855942 
1207 0.462106 0.856127 
1208 0.462144 0.856311 
1209 0.462181 0.856496 
1210 0.462218 0.85668 
1211 0.462254 0.856863 
1212 0.462291 0.857047 
1213 0.462327 0.85723 
1214 0.462363 0.857413 
1215 0.462399 0.857596 
1216 0.462435 0.857778 
1217 0.462471 0.85796 
1218 0.462506 0.858142 
1219 0.462541 0.858324 
1220 0.462576 0.858505 
1221 0.462611 0.858686 
1222 0.462646 0.858867 
1223 0.46268 0.859047 
1224 0.462714 0.859227 
1225 0.462748 0.859407 
1226 0.462782 0.859587 
1227 0.462816 0.859766 
1228 0.462849 0.859945 
1229 0.462883 0.860124 
1230 0.462916 0.860303 
1231 0.462949 0.860481 
1232 0.462982 0.860658 
1233 0.463014 0.860836 
1234 0.463046 0.861013 
1235 0.463079 0.86119 
1236 0.463111 0.861367 
1237 0.463142 0.861543 
1238 0.463174 0.861719 
1239 0.463206 0.861894 
1240 0.463237 0.86207 
1241 0.463268 0.862244 
1242 0.463299 0.862419 
1243 0.46333 0.862593 
1244 0.46336 0.862767 
1245 0.46339 0.862941 
1246 0.463421 0.863114 
1247 0.463451 0.863287 
1248 0.46348 0.863459 
1249 0.46351 0.863631 
1250 0.46354 0.863803 
1251 0.463569 0.863975 
1252 0.463598 0.864146 
1253 0.463627 0.864316 
1254 0.463656 0.864487 
1255 0.463684 0.864657 
1256 0.463713 0.864826 
1257 0.463741 0.864995 
1258 0.463769 0.865164 
1259 0.463797 0.865333 
1260 0.463824 0.865501 
1261 0.463852 0.865669 
1262 0.463879 0.865836 
1263 0.463906 0.866003 
1264 0.463933 0.866169 
1265 0.46396 0.866336 
1266 0.463987 0.866501 
1267 0.464013 0.866667 
1268 0.46404 0.866832 
1269 0.464066 0.866996 
1270 0.464092 0.86716 
1271 0.464117 0.867324 
1272 0.464143 0.867487 
1273 0.464168 0.86765 
1274 0.464194 0.867813 
1275 0.464219 0.867975 
1276 0.464244 0.868137 
1277 0.464268 0.868298 
1278 0.464293 0.868459 
1279 0.464317 0.868619 
1280 0.464341 0.868779 
1281 0.464365 0.868938 
1282 0.464389 0.869098 
1283 0.464413 0.869256 
1284 0.464437 0.869414 
1285 0.46446 0.869572 
1286 0.464483 0.86973 
1287 0.464506 0.869887 
1288 0.464529 0.870043 
1289 0.464551 0.870199 
1290 0.464574 0.870355 
1291 0.464596 0.87051 
1292 0.464618 0.870664 
1293 0.46464 0.870819 
1294 0.464662 0.870972 
1295 0.464683 0.871126 
1296 0.464705 0.871278 
1297 0.464726 0.871431 
1298 0.464747 0.871583 
1299 0.464768 0.871734 
1300 0.464789 0.871885 
1301 0.464809 0.872036 
1302 0.46483 0.872186 
1303 0.46485 0.872335 
1304 0.46487 0.872484 
1305 0.46489 0.872633 
1306 0.464909 0.872781 
1307 0.464929 0.872928 
1308 0.464948 0.873075 
1309 0.464967 0.873222 
1310 0.464986 0.873368 
1311 0.465005 0.873514 
1312 0.465023 0.873659 
1313 0.465042 0.873803 
1314 0.46506 0.873948 
1315 0.465078 0.874091 
1316 0.465096 0.874234 
1317 0.465113 0.874377 
1318 0.465131 0.874519 
1319 0.465148 0.874661 
1320 0.465165 0.874802 
1321 0.465182 0.874942 
1322 0.465199 0.875082 
1323 0.465215 0.875222 
1324 0.465232 0.875361 
1325 0.465248 0.875499 
1326 0.465264 0.875637 
1327 0.46528 0.875775 
1328 0.465295 0.875912 
1329 0.465311 0.876048 
1330 0.465326 0.876184 
1331 0.465341 0.876319 
1332 0.465356 0.876454 
1333 0.46537 0.876588 
1334 0.465385 0.876722 
1335 0.465399 0.876855 
1336 0.465413 0.876988 
1337 0.465427 0.87712 
1338 0.465441 0.877251 
1339 0.465454 0.877382 
1340 0.465468 0.877513 
1341 0.465481 0.877643 
1342 0.465494 0.877772 
1343 0.465507 0.877901 
1344 0.465519 0.878029 
1345 0.465531 0.878157 
1346 0.465544 0.878284 
1347 0.465555 0.87841 
1348 0.465567 0.878536 
1349 0.465579 0.878662 
1350 0.46559 0.878786 
1351 0.465601 0.878911 
1352 0.465612 0.879034 
1353 0.465623 0.879158 
1354 0.465633 0.87928 
1355 0.465644 0.879402 
1356 0.465654 0.879523 
1357 0.465664 0.879644 
1358 0.465673 0.879765 
1359 0.465683 0.879884 
1360 0.465692 0.880003 
1361 0.465701 0.880122 
1362 0.46571 0.88024 
1363 0.465719 0.880357 
1364 0.465727 0.880474 
1365 0.465736 0.88059 
1366 0.465744 0.880706 
1367 0.465751 0.880821 
1368 0.465759 0.880935 
1369 0.465766 0.881049 
1370 0.465774 0.881162 
1371 0.465781 0.881275 
1372 0.465787 0.881387 
1373 0.465794 0.881498 
1374 0.4658 0.881609 
1375 0.465806 0.881719 
1376 0.465812 0.881829 
1377 0.465818 0.881938 
1378 0.465823 0.882046 
1379 0.465829 0.882154 
1380 0.465834 0.882261 
1381 0.465838 0.882368 
1382 0.465843 0.882474 
1383 0.465847 0.882579 
1384 0.465851 0.882684 
1385 0.465855 0.882788 
1386 0.465859 0.882892 
1387 0.465862 0.882995 
1388 0.465866 0.883097 
1389 0.465869 0.883199 
1390 0.465872 0.8833 
1391 0.465874 0.8834 
1392 0.465876 0.8835 
1393 0.465878 0.8836 
1394 0.46588 0.883698 
1395 0.465882 0.883796 
1396 0.465883 0.883894 
1397 0.465885 0.883991 
1398 0.465886 0.884087 
1399 0.465886 0.884182 
1400 0.465887 0.884277 
1401 0.465887 0.884372 
1402 0.465887 0.884465 
1403 0.465887 0.884559 
1404 0.465886 0.884651 
1405 0.465886 0.884743 
1406 0.465885 0.884834 
1407 0.465884 0.884925 
1408 0.465882 0.885015 
1409 0.465881 0.885104 
1410 0.465879 0.885193 
1411 0.465877 0.885281 
1412 0.465875 0.885369 
1413 0.465872 0.885456 
1414 0.465869 0.885542 
1415 0.465866 0.885628 
1416 0.465863 0.885713 
1417 0.46586 0.885798 
1418 0.465856 0.885882 
1419 0.465852 0.885965 
1420 0.465848 0.886048 
1421 0.465843 0.88613 
1422 0.465839 0.886211 
1423 0.465834 0.886292 
1424 0.465829 0.886372 
1425 0.465824 0.886452 
1426 0.465818 0.886531 
1427 0.465812 0.886609 
1428 0.465806 0.886687 
1429 0.4658 0.886765 
1430 0.465793 0.886841 
1431 0.465787 0.886917 
1432 0.46578 0.886993 
1433 0.465772 0.887067 
1434 0.465765 0.887142 
1435 0.465757 0.887215 
1436 0.465749 0.887288 
1437 0.465741 0.887361 
1438 0.465733 0.887433 
1439 0.465724 0.887504 
1440 0.465715 0.887575 
1441 0.465706 0.887645 
1442 0.465697 0.887714 
1443 0.465688 0.887783 
1444 0.465678 0.887851 
1445 0.465668 0.887919 
1446 0.465658 0.887986 
1447 0.465647 0.888053 
1448 0.465636 0.888119 
1449 0.465626 0.888184 
1450 0.465614 0.888249 
1451 0.465603 0.888314 
1452 0.465592 0.888377 
1453 0.46558 0.888441 
1454 0.465568 0.888503 
1455 0.465556 0.888565 
1456 0.465543 0.888627 
1457 0.46553 0.888688 
1458 0.465517 0.888748 
1459 0.465504 0.888808 
1460 0.465491 0.888867 
1461 0.465477 0.888926 
1462 0.465464 0.888984 
1463 0.46545 0.889042 
1464 0.465436 0.889099 
1465 0.465421 0.889156 
1466 0.465407 0.889212 
1467 0.465392 0.889268 
1468 0.465377 0.889323 
1469 0.465361 0.889377 
1470 0.465346 0.889431 
1471 0.46533 0.889485 
1472 0.465314 0.889538 
1473 0.465298 0.88959 
1474 0.465282 0.889642 
1475 0.465266 0.889694 
1476 0.465249 0.889745 
1477 0.465232 0.889795 
1478 0.465215 0.889845 
1479 0.465198 0.889895 
1480 0.46518 0.889944 
1481 0.465163 0.889992 
1482 0.465145 0.89004 
1483 0.465127 0.890088 
1484 0.465109 0.890135 
1485 0.46509 0.890182 
1486 0.465072 0.890228 
1487 0.465053 0.890274 
1488 0.465034 0.890319 
1489 0.465015 0.890364 
1490 0.464996 0.890408 
1491 0.464976 0.890452 
1492 0.464956 0.890496 
1493 0.464937 0.890539 
1494 0.464917 0.890582 
1495 0.464896 0.890624 
1496 0.464876 0.890666 
1497 0.464856 0.890707 
1498 0.464835 0.890748 
1499 0.464814 0.890789 
1500 0.464793 0.890829 
1501 0.464772 0.890868 
1502 0.464751 0.890908 
1503 0.464729 0.890947 
1504 0.464708 0.890985 
1505 0.464686 0.891023 
1506 0.464664 0.891061 
1507 0.464642 0.891099 
1508 0.46462 0.891136 
1509 0.464597 0.891172 
1510 0.464575 0.891209 
1511 0.464552 0.891245 
1512 0.464529 0.89128 
1513 0.464506 0.891315 
1514 0.464483 0.89135 
1515 0.46446 0.891385 
1516 0.464437 0.891419 
1517 0.464413 0.891453 
1518 0.46439 0.891486 
1519 0.464366 0.89152 
1520 0.464342 0.891552 
1521 0.464318 0.891585 
1522 0.464294 0.891617 
1523 0.46427 0.891649 
1524 0.464246 0.891681 
1525 0.464221 0.891712 
1526 0.464197 0.891743 
1527 0.464172 0.891774 
1528 0.464147 0.891804 
1529 0.464122 0.891835 
1530 0.464097 0.891864 
1531 0.464072 0.891894 
1532 0.464047 0.891923 
1533 0.464022 0.891953 
1534 0.463996 0.891981 
1535 0.463971 0.89201 
1536 0.463945 0.892038 
1537 0.46392 0.892066 
1538 0.463894 0.892094 
1539 0.463868 0.892122 
1540 0.463842 0.892149 
1541 0.463816 0.892176 
1542 0.46379 0.892203 
1543 0.463764 0.89223 
1544 0.463738 0.892256 
1545 0.463712 0.892283 
1546 0.463685 0.892309 
1547 0.463659 0.892334 
1548 0.463633 0.89236 
1549 0.463606 0.892386 
1550 0.463579 0.892411 
1551 0.463553 0.892436 
1552 0.463526 0.892461 
1553 0.463499 0.892485 
1554 0.463472 0.89251 
1555 0.463445 0.892534 
1556 0.463418 0.892558 
1557 0.463391 0.892582 
1558 0.463364 0.892606 
1559 0.463337 0.89263 
1560 0.46331 0.892653 
1561 0.463283 0.892677 
1562 0.463256 0.8927 
1563 0.463228 0.892723 
1564 0.463201 0.892746 
1565 0.463174 0.892769 
1566 0.463146 0.892792 
1567 0.463119 0.892814 
1568 0.463091 0.892837 
1569 0.463064 0.892859 
1570 0.463036 0.892881 
1571 0.463009 0.892903 
1572 0.462981 0.892925 
1573 0.462954 0.892947 
1574 0.462926 0.892969 
1575 0.462899 0.892991 
1576 0.462871 0.893012 
1577 0.462843 0.893034 
1578 0.462816 0.893055 
1579 0.462788 0.893077 
1580 0.46276 0.893098 
1581 0.462732 0.893119 
1582 0.462705 0.89314 
1583 0.462677 0.893161 
1584 0.462649 0.893182 
1585 0.462622 0.893203 
1586 0.462594 0.893224 
1587 0.462566 0.893245 
1588 0.462538 0.893265 
1589 0.462511 0.893286 
1590 0.462483 0.893306 
1591 0.462455 0.893327 
1592 0.462427 0.893348 
1593 0.4624 0.893368 
1594 0.462372 0.893388 
1595 0.462344 0.893409 
1596 0.462316 0.893429 
1597 0.462289 0.89345 
1598 0.462261 0.89347 
1599 0.462233 0.89349 
1600 0.462206 0.89351 
1601 0.462178 0.893531 
1602 0.462151 0.893551 
1603 0.462123 0.893571 
1604 0.462095 0.893591 
1605 0.462068 0.893611 
1606 0.46204 0.893632 
1607 0.462013 0.893652 
1608 0.461985 0.893672 
1609 0.461958 0.893692 
1610 0.46193 0.893712 
1611 0.461903 0.893732 
1612 0.461875 0.893752 
1613 0.461848 0.893773 
1614 0.461821 0.893793 
1615 0.461793 0.893813 
1616 0.461766 0.893833 
1617 0.461739 0.893853 
1618 0.461712 0.893873 
1619 0.461684 0.893894 
1620 0.461657 0.893914 
1621 0.46163 0.893934 
1622 0.461603 0.893955 
1623 0.461576 0.893975 
1624 0.461549 0.893995 
1625 0.461522 0.894016 
1626 0.461495 0.894036 
1627 0.461468 0.894056 
1628 0.461441 0.894077 
1629 0.461414 0.894097 
1630 0.461388 0.894118 
1631 0.461361 0.894138 
1632 0.461334 0.894159 
1633 0.461307 0.89418 
1634 0.461281 0.8942 
1635 0.461254 0.894221 
1636 0.461228 0.894242 
1637 0.461201 0.894263 
1638 0.461175 0.894283 
1639 0.461148 0.894304 
1640 0.461122 0.894325 
1641 0.461095 0.894346 
1642 0.461069 0.894367 
1643 0.461043 0.894388 
1644 0.461017 0.894409 
1645 0.46099 0.894431 
1646 0.460964 0.894452 
1647 0.460938 0.894473 
1648 0.460912 0.894495 
1649 0.460886 0.894516 
1650 0.46086 0.894537 
1651 0.460834 0.894559 
1652 0.460809 0.89458 
1653 0.460783 0.894602 
1654 0.460757 0.894624 
1655 0.460731 0.894645 
1656 0.460706 0.894667 
1657 0.46068 0.894689 
1658 0.460654 0.894711 
1659 0.460629 0.894733 
1660 0.460603 0.894755 
1661 0.460578 0.894777 
1662 0.460553 0.894799 
1663 0.460527 0.894822 
1664 0.460502 0.894844 
1665 0.460477 0.894866 
1666 0.460451 0.894889 
1667 0.460426 0.894911 
1668 0.460401 0.894934 
1669 0.460376 0.894956 
1670 0.460351 0.894979 
1671 0.460326 0.895002 
1672 0.460301 0.895024 
1673 0.460276 0.895047 
1674 0.460251 0.89507 
1675 0.460227 0.895093 
1676 0.460202 0.895116 
1677 0.460177 0.895139 
1678 0.460153 0.895162 
1679 0.460128 0.895186 
1680 0.460103 0.895209 
1681 0.460079 0.895232 
1682 0.460054 0.895256 
1683 0.46003 0.895279 
1684 0.460006 0.895303 
1685 0.459981 0.895327 
1686 0.459957 0.89535 
1687 0.459933 0.895374 
1688 0.459908 0.895398 
1689 0.459884 0.895422 
1690 0.45986 0.895446 
1691 0.459836 0.89547 
1692 0.459812 0.895494 
1693 0.459788 0.895518 
1694 0.459764 0.895542 
1695 0.45974 0.895566 
1696 0.459716 0.895591 
1697 0.459692 0.895615 
1698 0.459669 0.895639 
1699 0.459645 0.895664 
1700 0.459621 0.895688 
1701 0.459597 0.895713 
1702 0.459574 0.895738 
1703 0.45955 0.895762 
1704 0.459526 0.895787 
1705 0.459503 0.895812 
1706 0.459479 0.895837 
1707 0.459456 0.895862 
1708 0.459432 0.895887 
1709 0.459409 0.895912 
1710 0.459386 0.895937 
1711 0.459362 0.895962 
1712 0.459339 0.895987 
1713 0.459316 0.896012 
1714 0.459293 0.896038 
1715 0.459269 0.896063 
1716 0.459246 0.896088 
1717 0.459223 0.896114 
1718 0.4592 0.896139 
1719 0.459177 0.896165 
1720 0.459154 0.89619 
1721 0.459131 0.896216 
1722 0.459108 0.896242 
1723 0.459085 0.896267 
1724 0.459062 0.896293 
1725 0.459039 0.896319 
1726 0.459016 0.896344 
1727 0.458993 0.89637 
1728 0.45897 0.896396 
1729 0.458947 0.896422 
1730 0.458925 0.896448 
1731 0.458902 0.896474 
1732 0.458879 0.8965 
1733 0.458856 0.896526 
1734 0.458834 0.896552 
1735 0.458811 0.896578 
1736 0.458788 0.896604 
1737 0.458766 0.89663 
1738 0.458743 0.896657 
1739 0.45872 0.896683 
1740 0.458698 0.896709 
1741 0.458675 0.896735 
1742 0.458653 0.896762 
1743 0.45863 0.896788 
1744 0.458608 0.896814 
1745 0.458585 0.89684 
1746 0.458563 0.896867 
1747 0.45854 0.896893 
1748 0.458518 0.896919 
1749 0.458495 0.896946 
1750 0.458473 0.896972 
1751 0.45845 0.896998 
1752 0.458428 0.897025 
1753 0.458406 0.897051 
1754 0.458383 0.897078 
1755 0.458361 0.897104 
1756 0.458338 0.89713 
1757 0.458316 0.897157 
1758 0.458294 0.897183 
1759 0.458271 0.897209 
1760 0.458249 0.897236 
1761 0.458227 0.897262 
1762 0.458204 0.897289 
1763 0.458182 0.897315 
1764 0.45816 0.897341 
1765 0.458137 0.897367 
1766 0.458115 0.897394 
1767 0.458093 0.89742 
1768 0.45807 0.897446 
1769 0.458048 0.897473 
1770 0.458026 0.897499 
1771 0.458003 0.897525 
1772 0.457981 0.897551 
1773 0.457959 0.897577 
1774 0.457936 0.897603 
1775 0.457914 0.897629 
1776 0.457892 0.897655 
1777 0.457869 0.897681 
1778 0.457847 0.897707 
1779 0.457825 0.897733 
1780 0.457802 0.897759 
1781 0.45778 0.897785 
1782 0.457758 0.897811 
1783 0.457735 0.897837 
1784 0.457713 0.897862 
1785 0.45769 0.897888 
1786 0.457668 0.897913 
1787 0.457646 0.897939 
1788 0.457623 0.897964 
1789 0.457601 0.89799 
1790 0.457578 0.898015 
1791 0.457556 0.898041 
1792 0.457533 0.898066 
1793 0.457511 0.898091 
1794 0.457488 0.898116 
1795 0.457466 0.898141 
1796 0.457443 0.898166 
1797 0.457421 0.898191 
1798 0.457398 0.898216 
1799 0.457375 0.89824 
1800 0.457353 0.898265 
1801 0.45733 0.898289 
1802 0.457308 0.898314 
1803 0.457285 0.898338 
1804 0.457262 0.898363 
1805 0.457239 0.898387 
1806 0.457217 0.898411 
1807 0.457194 0.898435 
1808 0.457171 0.898459 
1809 0.457148 0.898482 
1810 0.457125 0.898506 
1811 0.457103 0.898529 
1812 0.45708 0.898553 
1813 0.457057 0.898576 
1814 0.457034 0.898599 
1815 0.457011 0.898622 
1816 0.456988 0.898645 
1817 0.456965 0.898668 
1818 0.456942 0.898691 
1819 0.456918 0.898713 
1820 0.456895 0.898736 
1821 0.456872 0.898758 
1822 0.456849 0.89878 
1823 0.456826 0.898802 
1824 0.456802 0.898824 
1825 0.456779 0.898846 
1826 0.456756 0.898867 
1827 0.456732 0.898889 
1828 0.456709 0.89891 
1829 0.456686 0.898931 
1830 0.456662 0.898952 
1831 0.456639 0.898973 
1832 0.456615 0.898993 
1833 0.456591 0.899014 
1834 0.456568 0.899034 
1835 0.456544 0.899054 
1836 0.45652 0.899074 
1837 0.456496 0.899094 
1838 0.456473 0.899113 
1839 0.456449 0.899133 
1840 0.456425 0.899152 
1841 0.456401 0.899171 
1842 0.456377 0.899189 
1843 0.456353 0.899208 
1844 0.456329 0.899226 
1845 0.456305 0.899244 
1846 0.45628 0.899262 
1847 0.456256 0.89928 
1848 0.456232 0.899298 
1849 0.456208 0.899315 
1850 0.456183 0.899332 
1851 0.456159 0.899349 
1852 0.456134 0.899365 
1853 0.45611 0.899382 
1854 0.456085 0.899398 
1855 0.45606 0.899413 
1856 0.456036 0.899429 
1857 0.456011 0.899444 
1858 0.455986 0.89946 
1859 0.455961 0.899474 
1860 0.455936 0.899489 
1861 0.455911 0.899503 
1862 0.455886 0.899517 
1863 0.455861 0.899531 
1864 0.455836 0.899545 
1865 0.455811 0.899558 
1866 0.455785 0.899571 
1867 0.45576 0.899584 
1868 0.455735 0.899596 
1869 0.455709 0.899608 
1870 0.455684 0.89962 
1871 0.455658 0.899631 
1872 0.455632 0.899643 
1873 0.455607 0.899654 
1874 0.455581 0.899664 
1875 0.455555 0.899674 
1876 0.455529 0.899684 
1877 0.455503 0.899694 
1878 0.455477 0.899703 
1879 0.455451 0.899712 
1880 0.455424 0.899721 
1881 0.455398 0.899729 
1882 0.455372 0.899737 
1883 0.455345 0.899745 
1884 0.455319 0.899752 
1885 0.455292 0.899759 
1886 0.455265 0.899766 
1887 0.455239 0.899772 
1888 0.455212 0.899778 
1889 0.455185 0.899784 
1890 0.455158 0.899789 
1891 0.455131 0.899794 
1892 0.455103 0.899798 
1893 0.455076 0.899802 
1894 0.455049 0.899806 
1895 0.455021 0.899809 
1896 0.454994 0.899812 
1897 0.454966 0.899814 
1898 0.454939 0.899817 
1899 0.454911 0.899818 
1900 0.454883 0.89982 
1901 0.454855 0.899821 
1902 0.454827 0.899821 
1903 0.454799 0.899821 
1904 0.454771 0.899821 
1905 0.454742 0.89982 
1906 0.454714 0.899819 
1907 0.454686 0.899817 
1908 0.454657 0.899815 
1909 0.454628 0.899813 
1910 0.454599 0.89981 
1911 0.454571 0.899806 
1912 0.454542 0.899803 
1913 0.454513 0.899798 
1914 0.454483 0.899794 
1915 0.454454 0.899788 
1916 0.454425 0.899783 
1917 0.454395 0.899777 
1918 0.454366 0.89977 
1919 0.454336 0.899763 
1920 0.454306 0.899756 
1921 0.454276 0.899748 
1922 0.454246 0.899739 
1923 0.454216 0.899731 
1924 0.454186 0.899721 
1925 0.454155 0.899711 
1926 0.454125 0.899701 
1927 0.454094 0.89969 
1928 0.454064 0.899679 
1929 0.454033 0.899667 
1930 0.454002 0.899655 
1931 0.453971 0.899642 
1932 0.45394 0.899628 
1933 0.453908 0.899614 
1934 0.453877 0.8996 
1935 0.453845 0.899585 
1936 0.453814 0.89957 
1937 0.453782 0.899554 
1938 0.45375 0.899537 
1939 0.453718 0.899521 
1940 0.453686 0.899503 
1941 0.453653 0.899485 
1942 0.453621 0.899466 
1943 0.453589 0.899447 
1944 0.453556 0.899428 
1945 0.453523 0.899408 
1946 0.45349 0.899387 
1947 0.453457 0.899366 
1948 0.453424 0.899344 
1949 0.45339 0.899322 
1950 0.453357 0.899299 
1951 0.453323 0.899275 
1952 0.453289 0.899251 
1953 0.453255 0.899227 
1954 0.453221 0.899202 
1955 0.453187 0.899176 
1956 0.453153 0.89915 
1957 0.453118 0.899123 
1958 0.453084 0.899096 
1959 0.453049 0.899068 
1960 0.453014 0.89904 
1961 0.452979 0.899011 
1962 0.452944 0.898981 
1963 0.452908 0.898951 
1964 0.452873 0.89892 
1965 0.452837 0.898889 
1966 0.452801 0.898857 
1967 0.452765 0.898825 
1968 0.452729 0.898792 
1969 0.452692 0.898758 
1970 0.452656 0.898724 
1971 0.452619 0.898689 
1972 0.452582 0.898654 
1973 0.452545 0.898618 
1974 0.452508 0.898582 
1975 0.452471 0.898545 
1976 0.452433 0.898507 
1977 0.452395 0.898469 
1978 0.452358 0.89843 
1979 0.45232 0.898391 
1980 0.452281 0.898351 
1981 0.452243 0.89831 
1982 0.452204 0.898269 
1983 0.452166 0.898228 
1984 0.452127 0.898185 
1985 0.452088 0.898143 
1986 0.452048 0.898099 
1987 0.452009 0.898055 
1988 0.451969 0.898011 
1989 0.45193 0.897966 
1990 0.45189 0.89792 
1991 0.451849 0.897874 
1992 0.451809 0.897827 
1993 0.451768 0.89778 
1994 0.451728 0.897732 
1995 0.451687 0.897683 
1996 0.451646 0.897634 
1997 0.451604 0.897584 
1998 0.451563 0.897534 
1999 0.451521 0.897483 
