0 0.131403 0.131403 0.142842
1 0.120721 0.120721 0.131231
2 0.11181 0.11181 0.121289
3 0.103362 0.103362 0.111584
4 0.0949767 0.0949767 0.101692
5 0.0865667 0.0865667 0.0915837
6 0.0782157 0.0782157 0.0814425
7 0.0702096 0.0702096 0.0716606
8 0.0629891 0.0629891 0.0627659
9 0.0569222 0.0569222 0.055193
10 0.0521134 0.0521134 0.0490932
11 0.0484305 0.0484305 0.0443548
12 0.0456422 0.0456422 0.0407409
13 0.0435218 0.0435218 0.0380014
14 0.0418872 0.0418872 0.0359231
15 0.040604 0.040604 0.0343394
16 0.0395765 0.0395765 0.0331255
17 0.0387371 0.0387371 0.0321893
18 0.0380383 0.0380383 0.0314624
19 0.0374462 0.0374462 0.0308945
20 0.0369364 0.0369364 0.0304479
21 0.0364912 0.0364912 0.0300947
22 0.0360979 0.0360979 0.0298136
23 0.0357467 0.0357467 0.0295887
24 0.0354304 0.0354304 0.0294076
25 0.0351437 0.0351437 0.0292611
26 0.0348821 0.0348821 0.0291421
27 0.0346425 0.0346425 0.029045
28 0.034422 0.034422 0.0289656
29 0.0342185 0.0342185 0.0289005
30 0.0340303 0.0340303 0.0288471
31 0.0338557 0.0338557 0.0288033
32 0.0336936 0.0336936 0.0287676
33 0.0335428 0.0335428 0.0287386
34 0.0334023 0.0334023 0.0287154
35 0.0332713 0.0332713 0.028697
36 0.0331489 0.0331489 0.0286827
37 0.0330346 0.0330346 0.0286721
38 0.0329277 0.0329277 0.0286647
39 0.0328276 0.0328276 0.0286599
40 0.0327338 0.0327338 0.0286576
41 0.0326458 0.0326458 0.0286574
42 0.0325633 0.0325633 0.028659
43 0.0324857 0.0324857 0.0286622
44 0.0324127 0.0324127 0.0286669
45 0.0323441 0.0323441 0.0286728
46 0.0322794 0.0322794 0.0286799
47 0.0322184 0.0322184 0.0286879
48 0.0321609 0.0321609 0.0286968
49 0.0321065 0.0321065 0.0287064
50 0.032055 0.032055 0.0287167
51 0.0320063 0.0320063 0.0287275
52 0.0319601 0.0319601 0.0287388
53 0.0319163 0.0319163 0.0287505
54 0.0318747 0.0318747 0.0287626
55 0.0318351 0.0318351 0.0287749
56 0.0317974 0.0317974 0.0287875
57 0.0317614 0.0317614 0.0288002
58 0.0317271 0.0317271 0.0288131
59 0.0316943 0.0316943 0.0288261
60 0.0316629 0.0316629 0.0288392
61 0.0316328 0.0316328 0.0288523
62 0.0316039 0.0316039 0.0288655
63 0.0315762 0.0315762 0.0288786
64 0.0315495 0.0315495 0.0288918
65 0.0315238 0.0315238 0.0289049
66 0.031499 0.031499 0.0289179
67 0.0314751 0.0314751 0.0289309
68 0.0314519 0.0314519 0.0289438
69 0.0314295 0.0314295 0.0289566
70 0.0314077 0.0314077 0.0289694
71 0.0313866 0.0313866 0.028982
72 0.0313661 0.0313661 0.0289946
73 0.0313461 0.0313461 0.0290071
74 0.0313266 0.0313266 0.0290194
75 0.0313075 0.0313075 0.0290317
76 0.0312889 0.0312889 0.0290438
77 0.0312707 0.0312707 0.0290559
78 0.0312529 0.0312529 0.0290678
79 0.0312354 0.0312354 0.0290797
80 0.0312182 0.0312182 0.0290914
81 0.0312012 0.0312012 0.0291031
82 0.0311846 0.0311846 0.0291146
83 0.0311681 0.0311681 0.0291261
84 0.0311519 0.0311519 0.0291374
85 0.0311359 0.0311359 0.0291487
86 0.03112 0.03112 0.02916
87 0.0311043 0.0311043 0.0291711
88 0.0310887 0.0310887 0.0291821
89 0.0310733 0.0310733 0.0291931
90 0.0310579 0.0310579 0.0292041
91 0.0310427 0.0310427 0.0292149
92 0.0310275 0.0310275 0.0292257
93 0.0310124 0.0310124 0.0292365
94 0.0309973 0.0309973 0.0292472
95 0.0309822 0.0309822 0.0292579
96 0.0309672 0.0309672 0.0292685
97 0.0309522 0.0309522 0.029279
98 0.0309372 0.0309372 0.0292896
99 0.0309222 0.0309222 0.0293001
100 0.0309071 0.0309071 0.0293106
101 0.0308921 0.0308921 0.029321
102 0.030877 0.030877 0.0293314
103 0.0308618 0.0308618 0.0293418
104 0.0308466 0.0308466 0.0293522
105 0.0308314 0.0308314 0.0293626
106 0.0308161 0.0308161 0.0293729
107 0.0308007 0.0308007 0.0293833
108 0.0307852 0.0307852 0.0293936
109 0.0307697 0.0307697 0.0294039
110 0.0307541 0.0307541 0.0294142
111 0.0307384 0.0307384 0.0294245
112 0.0307226 0.0307226 0.0294348
113 0.0307067 0.0307067 0.0294451
114 0.0306908 0.0306908 0.0294554
115 0.0306747 0.0306747 0.0294657
116 0.0306586 0.0306586 0.0294759
117 0.0306423 0.0306423 0.0294862
118 0.030626 0.030626 0.0294965
119 0.0306095 0.0306095 0.0295067
120 0.030593 0.030593 0.029517
121 0.0305763 0.0305763 0.0295272
122 0.0305596 0.0305596 0.0295374
123 0.0305428 0.0305428 0.0295477
124 0.0305259 0.0305259 0.0295579
125 0.0305089 0.0305089 0.0295681
126 0.0304918 0.0304918 0.0295783
127 0.0304747 0.0304747 0.0295884
128 0.0304575 0.0304575 0.0295986
129 0.0304402 0.0304402 0.0296087
130 0.0304229 0.0304229 0.0296188
131 0.0304055 0.0304055 0.0296289
132 0.030388 0.030388 0.029639
133 0.0303705 0.0303705 0.029649
134 0.030353 0.030353 0.029659
135 0.0303355 0.0303355 0.029669
136 0.0303179 0.0303179 0.029679
137 0.0303003 0.0303003 0.0296889
138 0.0302827 0.0302827 0.0296987
139 0.0302651 0.0302651 0.0297085
140 0.0302475 0.0302475 0.0297183
141 0.0302299 0.0302299 0.0297281
142 0.0302123 0.0302123 0.0297378
143 0.0301947 0.0301947 0.0297474
144 0.0301772 0.0301772 0.029757
145 0.0301597 0.0301597 0.0297666
146 0.0301423 0.0301423 0.0297761
147 0.0301249 0.0301249 0.0297855
148 0.0301076 0.0301076 0.0297949
149 0.0300904 0.0300904 0.0298043
150 0.0300732 0.0300732 0.0298136
151 0.0300561 0.0300561 0.0298229
152 0.0300391 0.0300391 0.0298321
153 0.0300222 0.0300222 0.0298412
154 0.0300054 0.0300054 0.0298503
155 0.0299887 0.0299887 0.0298594
156 0.0299721 0.0299721 0.0298684
157 0.0299556 0.0299556 0.0298774
158 0.0299393 0.0299393 0.0298864
159 0.029923 0.029923 0.0298953
160 0.0299069 0.0299069 0.0299042
161 0.029891 0.029891 0.029913
162 0.0298751 0.0298751 0.0299218
163 0.0298594 0.0298594 0.0299306
164 0.0298439 0.0298439 0.0299394
165 0.0298285 0.0298285 0.0299482
166 0.0298132 0.0298132 0.029957
167 0.0297981 0.0297981 0.0299657
168 0.0297831 0.0297831 0.0299745
169 0.0297683 0.0297683 0.0299833
170 0.0297537 0.0297537 0.0299921
171 0.0297392 0.0297392 0.0300009
172 0.0297249 0.0297249 0.0300098
173 0.0297107 0.0297107 0.0300187
174 0.0296967 0.0296967 0.0300276
175 0.0296828 0.0296828 0.0300366
176 0.0296692 0.0296692 0.0300457
177 0.0296556 0.0296556 0.0300548
178 0.0296423 0.0296423 0.030064
179 0.0296291 0.0296291 0.0300733
180 0.029616 0.029616 0.0300827
181 0.0296031 0.0296031 0.0300922
182 0.0295904 0.0295904 0.0301018
183 0.0295779 0.0295779 0.0301116
184 0.0295654 0.0295654 0.0301215
185 0.0295532 0.0295532 0.0301315
186 0.0295411 0.0295411 0.0301417
187 0.0295291 0.0295291 0.030152
188 0.0295173 0.0295173 0.0301626
189 0.0295057 0.0295057 0.0301733
190 0.0294942 0.0294942 0.0301842
191 0.0294828 0.0294828 0.0301954
192 0.0294716 0.0294716 0.0302067
193 0.0294605 0.0294605 0.0302183
194 0.0294495 0.0294495 0.0302302
195 0.0294387 0.0294387 0.0302423
196 0.029428 0.029428 0.0302547
197 0.0294174 0.0294174 0.0302674
198 0.0294069 0.0294069 0.0302804
199 0.0293966 0.0293966 0.0302937
200 0.0293863 0.0293863 0.0303073
201 0.0293761 0.0293761 0.0303213
202 0.029366 0.029366 0.0303356
203 0.029356 0.029356 0.0303503
204 0.0293461 0.0293461 0.0303654
205 0.0293362 0.0293362 0.0303809
206 0.0293264 0.0293264 0.0303967
207 0.0293167 0.0293167 0.0304131
208 0.0293069 0.0293069 0.0304298
209 0.0292972 0.0292972 0.030447
210 0.0292875 0.0292875 0.0304647
211 0.0292778 0.0292778 0.0304828
212 0.0292681 0.0292681 0.0305014
213 0.0292583 0.0292583 0.0305205
214 0.0292485 0.0292485 0.0305402
215 0.0292386 0.0292386 0.0305603
216 0.0292287 0.0292287 0.030581
217 0.0292186 0.0292186 0.0306023
218 0.0292084 0.0292084 0.0306241
219 0.0291981 0.0291981 0.0306465
220 0.0291876 0.0291876 0.0306694
221 0.0291768 0.0291768 0.030693
222 0.0291659 0.0291659 0.0307171
223 0.0291546 0.0291546 0.0307418
224 0.0291431 0.0291431 0.0307671
225 0.0291313 0.0291313 0.0307931
226 0.0291191 0.0291191 0.0308196
227 0.0291065 0.0291065 0.0308467
228 0.0290934 0.0290934 0.0308744
229 0.0290799 0.0290799 0.0309028
230 0.0290658 0.0290658 0.0309317
231 0.0290512 0.0290512 0.0309611
232 0.029036 0.029036 0.0309912
233 0.0290201 0.0290201 0.0310218
234 0.0290034 0.0290034 0.0310529
235 0.028986 0.028986 0.0310846
236 0.0289678 0.0289678 0.0311167
237 0.0289487 0.0289487 0.0311493
238 0.0289286 0.0289286 0.0311824
239 0.0289075 0.0289075 0.0312158
240 0.0288854 0.0288854 0.0312497
241 0.0288622 0.0288622 0.0312838
242 0.0288377 0.0288377 0.0313183
243 0.0288121 0.0288121 0.031353
244 0.0287851 0.0287851 0.0313879
245 0.0287568 0.0287568 0.031423
246 0.0287272 0.0287272 0.0314583
247 0.028696 0.028696 0.0314935
248 0.0286634 0.0286634 0.0315289
249 0.0286292 0.0286292 0.0315641
250 0.0285935 0.0285935 0.0315993
251 0.0285561 0.0285561 0.0316344
252 0.0285171 0.0285171 0.0316693
253 0.0284765 0.0284765 0.031704
254 0.0284342 0.0284342 0.0317384
255 0.0283903 0.0283903 0.0317725
256 0.0283447 0.0283447 0.0318062
257 0.0282974 0.0282974 0.0318396
258 0.0282485 0.0282485 0.0318725
259 0.028198 0.028198 0.031905
260 0.028146 0.028146 0.0319371
261 0.0280924 0.0280924 0.0319686
262 0.0280374 0.0280374 0.0319997
263 0.027981 0.027981 0.0320302
264 0.0279232 0.0279232 0.0320603
265 0.0278642 0.0278642 0.0320898
266 0.0278039 0.0278039 0.0321188
267 0.0277426 0.0277426 0.0321472
268 0.0276803 0.0276803 0.0321752
269 0.0276171 0.0276171 0.0322027
270 0.027553 0.027553 0.0322297
271 0.0274882 0.0274882 0.0322563
272 0.0274228 0.0274228 0.0322824
273 0.0273569 0.0273569 0.0323081
274 0.0272905 0.0272905 0.0323334
275 0.0272237 0.0272237 0.0323583
276 0.0271567 0.0271567 0.0323828
277 0.0270896 0.0270896 0.0324069
278 0.0270223 0.0270223 0.0324307
279 0.0269551 0.0269551 0.0324542
280 0.0268879 0.0268879 0.0324774
281 0.0268209 0.0268209 0.0325003
282 0.0267541 0.0267541 0.0325228
283 0.0266875 0.0266875 0.0325451
284 0.0266213 0.0266213 0.0325671
285 0.0265555 0.0265555 0.0325889
286 0.0264901 0.0264901 0.0326103
287 0.0264252 0.0264252 0.0326315
288 0.0263608 0.0263608 0.0326524
289 0.0262969 0.0262969 0.0326731
290 0.0262336 0.0262336 0.0326934
291 0.0261709 0.0261709 0.0327135
292 0.0261088 0.0261088 0.0327333
293 0.0260473 0.0260473 0.0327528
294 0.0259865 0.0259865 0.0327721
295 0.0259263 0.0259263 0.032791
296 0.0258668 0.0258668 0.0328096
297 0.0258079 0.0258079 0.0328279
298 0.0257497 0.0257497 0.0328459
299 0.0256922 0.0256922 0.0328636
300 0.0256353 0.0256353 0.032881
301 0.0255791 0.0255791 0.032898
302 0.0255236 0.0255236 0.0329147
303 0.0254687 0.0254687 0.0329311
304 0.0254144 0.0254144 0.0329472
305 0.0253608 0.0253608 0.0329629
306 0.0253078 0.0253078 0.0329783
307 0.0252554 0.0252554 0.0329933
308 0.0252036 0.0252036 0.033008
309 0.0251524 0.0251524 0.0330223
310 0.0251018 0.0251018 0.0330364
311 0.0250517 0.0250517 0.03305
312 0.0250022 0.0250022 0.0330634
313 0.0249533 0.0249533 0.0330764
314 0.0249049 0.0249049 0.0330891
315 0.024857 0.024857 0.0331015
316 0.0248097 0.0248097 0.0331136
317 0.0247628 0.0247628 0.0331253
318 0.0247165 0.0247165 0.0331367
319 0.0246706 0.0246706 0.0331479
320 0.0246252 0.0246252 0.0331587
321 0.0245803 0.0245803 0.0331692
322 0.0245359 0.0245359 0.0331795
323 0.0244919 0.0244919 0.0331895
324 0.0244483 0.0244483 0.0331992
325 0.0244052 0.0244052 0.0332086
326 0.0243625 0.0243625 0.0332178
327 0.0243203 0.0243203 0.0332267
328 0.0242784 0.0242784 0.0332354
329 0.024237 0.024237 0.0332438
330 0.024196 0.024196 0.033252
331 0.0241553 0.0241553 0.03326
332 0.0241151 0.0241151 0.0332677
333 0.0240752 0.0240752 0.0332752
334 0.0240358 0.0240358 0.0332825
335 0.0239966 0.0239966 0.0332896
336 0.0239579 0.0239579 0.0332965
337 0.0239195 0.0239195 0.0333032
338 0.0238815 0.0238815 0.0333097
339 0.0238439 0.0238439 0.033316
340 0.0238066 0.0238066 0.0333221
341 0.0237696 0.0237696 0.0333281
342 0.023733 0.023733 0.0333339
343 0.0236967 0.0236967 0.0333395
344 0.0236608 0.0236608 0.0333449
345 0.0236252 0.0236252 0.0333502
346 0.0235899 0.0235899 0.0333553
347 0.0235549 0.0235549 0.0333603
348 0.0235203 0.0235203 0.0333651
349 0.023486 0.023486 0.0333698
350 0.023452 0.023452 0.0333743
351 0.0234183 0.0234183 0.0333787
352 0.0233849 0.0233849 0.033383
353 0.0233518 0.0233518 0.0333871
354 0.023319 0.023319 0.033391
355 0.0232865 0.0232865 0.0333949
356 0.0232543 0.0232543 0.0333986
357 0.0232224 0.0232224 0.0334022
358 0.0231908 0.0231908 0.0334057
359 0.0231594 0.0231594 0.033409
360 0.0231283 0.0231283 0.0334123
361 0.0230975 0.0230975 0.0334154
362 0.023067 0.023067 0.0334184
363 0.0230368 0.0230368 0.0334212
364 0.0230068 0.0230068 0.033424
365 0.0229771 0.0229771 0.0334267
366 0.0229476 0.0229476 0.0334292
367 0.0229184 0.0229184 0.0334317
368 0.0228895 0.0228895 0.033434
369 0.0228608 0.0228608 0.0334362
370 0.0228323 0.0228323 0.0334384
371 0.0228041 0.0228041 0.0334404
372 0.0227761 0.0227761 0.0334423
373 0.0227484 0.0227484 0.0334442
374 0.0227209 0.0227209 0.0334459
375 0.0226936 0.0226936 0.0334476
376 0.0226666 0.0226666 0.0334491
377 0.0226398 0.0226398 0.0334506
378 0.0226132 0.0226132 0.0334519
379 0.0225869 0.0225869 0.0334532
380 0.0225607 0.0225607 0.0334544
381 0.0225348 0.0225348 0.0334555
382 0.0225091 0.0225091 0.0334565
383 0.0224836 0.0224836 0.0334575
384 0.0224583 0.0224583 0.0334583
385 0.0224332 0.0224332 0.0334591
386 0.0224083 0.0224083 0.0334598
387 0.0223836 0.0223836 0.0334604
388 0.0223591 0.0223591 0.0334609
389 0.0223347 0.0223347 0.0334614
390 0.0223106 0.0223106 0.0334618
391 0.0222867 0.0222867 0.0334621
392 0.0222629 0.0222629 0.0334623
393 0.0222393 0.0222393 0.0334625
394 0.022216 0.022216 0.0334626
395 0.0221927 0.0221927 0.0334626
396 0.0221697 0.0221697 0.0334625
397 0.0221468 0.0221468 0.0334624
398 0.0221241 0.0221241 0.0334623
399 0.0221016 0.0221016 0.033462
400 0.0220792 0.0220792 0.0334617
401 0.022057 0.022057 0.0334614
402 0.0220349 0.0220349 0.0334609
403 0.022013 0.022013 0.0334605
404 0.0219913 0.0219913 0.0334599
405 0.0219697 0.0219697 0.0334593
406 0.0219482 0.0219482 0.0334587
407 0.0219269 0.0219269 0.033458
408 0.0219058 0.0219058 0.0334572
409 0.0218848 0.0218848 0.0334564
410 0.0218639 0.0218639 0.0334555
411 0.0218432 0.0218432 0.0334546
412 0.0218226 0.0218226 0.0334536
413 0.0218021 0.0218021 0.0334526
414 0.0217818 0.0217818 0.0334516
415 0.0217616 0.0217616 0.0334504
416 0.0217415 0.0217415 0.0334493
417 0.0217216 0.0217216 0.0334481
418 0.0217018 0.0217018 0.0334468
419 0.0216821 0.0216821 0.0334455
420 0.0216625 0.0216625 0.0334442
421 0.021643 0.021643 0.0334428
422 0.0216237 0.0216237 0.0334414
423 0.0216044 0.0216044 0.03344
424 0.0215853 0.0215853 0.0334385
425 0.0215663 0.0215663 0.0334369
426 0.0215474 0.0215474 0.0334354
427 0.0215286 0.0215286 0.0334337
428 0.0215099 0.0215099 0.0334321
429 0.0214913 0.0214913 0.0334304
430 0.0214729 0.0214729 0.0334287
431 0.0214545 0.0214545 0.033427
432 0.0214362 0.0214362 0.0334252
433 0.021418 0.021418 0.0334234
434 0.0213999 0.0213999 0.0334215
435 0.0213819 0.0213819 0.0334196
436 0.021364 0.021364 0.0334177
437 0.0213462 0.0213462 0.0334158
438 0.0213285 0.0213285 0.0334138
439 0.0213108 0.0213108 0.0334118
440 0.0212933 0.0212933 0.0334098
441 0.0212758 0.0212758 0.0334077
442 0.0212584 0.0212584 0.0334056
443 0.0212411 0.0212411 0.0334035
444 0.0212239 0.0212239 0.0334014
445 0.0212068 0.0212068 0.0333992
446 0.0211897 0.0211897 0.033397
447 0.0211727 0.0211727 0.0333948
448 0.0211558 0.0211558 0.0333926
449 0.021139 0.021139 0.0333903
450 0.0211222 0.0211222 0.033388
451 0.0211055 0.0211055 0.0333857
452 0.0210889 0.0210889 0.0333834
453 0.0210723 0.0210723 0.033381
454 0.0210558 0.0210558 0.0333787
455 0.0210394 0.0210394 0.0333763
456 0.0210231 0.0210231 0.0333738
457 0.0210068 0.0210068 0.0333714
458 0.0209905 0.0209905 0.0333689
459 0.0209744 0.0209744 0.0333665
460 0.0209582 0.0209582 0.033364
461 0.0209422 0.0209422 0.0333615
462 0.0209262 0.0209262 0.0333589
463 0.0209103 0.0209103 0.0333564
464 0.0208944 0.0208944 0.0333538
465 0.0208786 0.0208786 0.0333512
466 0.0208628 0.0208628 0.0333486
467 0.0208471 0.0208471 0.033346
468 0.0208314 0.0208314 0.0333433
469 0.0208158 0.0208158 0.0333407
470 0.0208002 0.0208002 0.033338
471 0.0207847 0.0207847 0.0333353
472 0.0207693 0.0207693 0.0333326
473 0.0207538 0.0207538 0.0333299
474 0.0207385 0.0207385 0.0333272
475 0.0207232 0.0207232 0.0333244
476 0.0207079 0.0207079 0.0333216
477 0.0206926 0.0206926 0.0333189
478 0.0206774 0.0206774 0.0333161
479 0.0206623 0.0206623 0.0333133
480 0.0206472 0.0206472 0.0333104
481 0.0206321 0.0206321 0.0333076
482 0.0206171 0.0206171 0.0333048
483 0.0206021 0.0206021 0.0333019
484 0.0205871 0.0205871 0.033299
485 0.0205722 0.0205722 0.0332962
486 0.0205574 0.0205574 0.0332933
487 0.0205425 0.0205425 0.0332904
488 0.0205277 0.0205277 0.0332874
489 0.0205129 0.0205129 0.0332845
490 0.0204982 0.0204982 0.0332816
491 0.0204835 0.0204835 0.0332786
492 0.0204688 0.0204688 0.0332757
493 0.0204542 0.0204542 0.0332727
494 0.0204396 0.0204396 0.0332697
495 0.020425 0.020425 0.0332667
496 0.0204104 0.0204104 0.0332637
497 0.0203959 0.0203959 0.0332607
498 0.0203814 0.0203814 0.0332577
499 0.020367 0.020367 0.0332546
500 0.0203525 0.0203525 0.0332516
501 0.0203381 0.0203381 0.0332486
502 0.0203237 0.0203237 0.0332455
503 0.0203094 0.0203094 0.0332424
504 0.020295 0.020295 0.0332394
505 0.0202807 0.0202807 0.0332363
506 0.0202664 0.0202664 0.0332332
507 0.0202522 0.0202522 0.0332301
508 0.0202379 0.0202379 0.033227
509 0.0202237 0.0202237 0.0332239
510 0.0202095 0.0202095 0.0332208
511 0.0201954 0.0201954 0.0332176
512 0.0201812 0.0201812 0.0332145
513 0.0201671 0.0201671 0.0332114
514 0.0201529 0.0201529 0.0332082
515 0.0201388 0.0201388 0.0332051
516 0.0201248 0.0201248 0.0332019
517 0.0201107 0.0201107 0.0331988
518 0.0200967 0.0200967 0.0331956
519 0.0200826 0.0200826 0.0331924
520 0.0200686 0.0200686 0.0331892
521 0.0200546 0.0200546 0.0331861
522 0.0200407 0.0200407 0.0331829
523 0.0200267 0.0200267 0.0331797
524 0.0200128 0.0200128 0.0331765
525 0.0199988 0.0199988 0.0331733
526 0.0199849 0.0199849 0.0331701
527 0.019971 0.019971 0.0331669
528 0.0199571 0.0199571 0.0331637
529 0.0199432 0.0199432 0.0331604
530 0.0199294 0.0199294 0.0331572
531 0.0199155 0.0199155 0.033154
532 0.0199017 0.0199017 0.0331508
533 0.0198878 0.0198878 0.0331475
534 0.019874 0.019874 0.0331443
535 0.0198602 0.0198602 0.0331411
536 0.0198464 0.0198464 0.0331379
537 0.0198326 0.0198326 0.0331346
538 0.0198189 0.0198189 0.0331314
539 0.0198051 0.0198051 0.0331281
540 0.0197913 0.0197913 0.0331249
541 0.0197776 0.0197776 0.0331217
542 0.0197638 0.0197638 0.0331184
543 0.0197501 0.0197501 0.0331152
544 0.0197364 0.0197364 0.0331119
545 0.0197227 0.0197227 0.0331087
546 0.0197089 0.0197089 0.0331054
547 0.0196952 0.0196952 0.0331022
548 0.0196815 0.0196815 0.033099
549 0.0196679 0.0196679 0.0330957
550 0.0196542 0.0196542 0.0330925
551 0.0196405 0.0196405 0.0330892
552 0.0196268 0.0196268 0.033086
553 0.0196132 0.0196132 0.0330827
554 0.0195995 0.0195995 0.0330795
555 0.0195859 0.0195859 0.0330763
556 0.0195722 0.0195722 0.033073
557 0.0195586 0.0195586 0.0330698
558 0.0195449 0.0195449 0.0330666
559 0.0195313 0.0195313 0.0330633
560 0.0195177 0.0195177 0.0330601
561 0.019504 0.019504 0.0330569
562 0.0194904 0.0194904 0.0330537
563 0.0194768 0.0194768 0.0330504
564 0.0194632 0.0194632 0.0330472
565 0.0194496 0.0194496 0.033044
566 0.019436 0.019436 0.0330408
567 0.0194224 0.0194224 0.0330376
568 0.0194088 0.0194088 0.0330344
569 0.0193952 0.0193952 0.0330312
570 0.0193816 0.0193816 0.033028
571 0.019368 0.019368 0.0330248
572 0.0193544 0.0193544 0.0330216
573 0.0193408 0.0193408 0.0330185
574 0.0193272 0.0193272 0.0330153
575 0.0193136 0.0193136 0.0330121
576 0.0193 0.0193 0.033009
577 0.0192865 0.0192865 0.0330058
578 0.0192729 0.0192729 0.0330027
579 0.0192593 0.0192593 0.0329995
580 0.0192457 0.0192457 0.0329964
581 0.0192322 0.0192322 0.0329932
582 0.0192186 0.0192186 0.0329901
583 0.019205 0.019205 0.032987
584 0.0191915 0.0191915 0.0329839
585 0.0191779 0.0191779 0.0329808
586 0.0191644 0.0191644 0.0329777
587 0.0191508 0.0191508 0.0329746
588 0.0191372 0.0191372 0.0329715
589 0.0191237 0.0191237 0.0329684
590 0.0191101 0.0191101 0.0329654
591 0.0190966 0.0190966 0.0329623
592 0.019083 0.019083 0.0329593
593 0.0190695 0.0190695 0.0329562
594 0.0190559 0.0190559 0.0329532
595 0.0190424 0.0190424 0.0329502
596 0.0190288 0.0190288 0.0329472
597 0.0190153 0.0190153 0.0329442
598 0.0190018 0.0190018 0.0329412
599 0.0189882 0.0189882 0.0329382
